100
0 0 0 0 16 0 36 0 0 0 22 0 28 0 0 0 27 41 27 0 37 12 0 0 30 0 31 0 24 0 36 30 3 23 0 0 0 0 0 12 43 30 0 22 20 0 38 0 25 16 0 14 27 0 0 0 0 0 0 0 0 6 26 0 28 37 6 47 30 14 0 25 0 0 46 15 0 35 0 44 0 0 9 0 0 0 0 4 0 0 0 33 0 0 0 40 13 27 0 0 
0 0 22 0 35 40 35 22 0 0 0 0 0 0 0 42 17 0 0 0 0 0 18 0 0 16 7 0 0 0 0 0 0 38 38 0 29 0 0 0 0 0 42 0 0 0 12 0 18 0 0 0 13 1 7 39 0 0 0 33 0 5 0 0 42 13 39 0 37 0 0 45 0 0 15 0 15 27 0 0 40 0 36 0 22 0 0 0 10 32 0 0 36 49 0 0 14 34 0 0 
0 22 0 0 35 34 37 28 7 0 0 17 0 40 0 0 0 0 9 0 0 0 37 36 0 38 47 20 0 13 0 35 41 18 0 0 0 32 3 9 31 0 26 43 0 48 0 0 35 0 0 0 36 32 0 0 21 0 1 0 0 0 0 2 15 0 29 17 0 0 26 0 34 3 0 24 0 0 0 36 0 47 0 48 30 3 29 0 0 29 0 14 0 0 0 0 0 0 0 37 
0 0 0 0 18 35 0 41 0 0 28 0 0 0 11 0 0 0 0 0 0 3 48 0 0 0 15 0 0 39 0 45 29 0 0 46 23 35 38 45 8 0 0 0 48 7 0 0 0 0 3 4 39 0 0 0 6 22 36 0 12 0 0 40 0 24 37 0 0 27 3 0 0 0 21 0 9 23 0 0 0 0 0 0 41 0 41 0 42 0 42 0 24 30 45 0 0 34 17 11 
16 35 35 18 0 0 9 0 18 0 0 0 29 16 0 23 0 31 0 0 46 0 0 0 42 0 0 39 0 17 25 40 0 0 0 0 0 33 39 43 7 0 0 0 0 19 10 23 49 19 0 46 0 9 0 0 0 48 17 0 16 0 0 8 0 0 0 2 12 0 0 0 11 0 0 13 0 18 0 0 36 42 4 0 0 0 0 0 41 19 0 0 12 5 16 41 0 1 0 48 
0 40 34 35 0 0 0 0 47 33 0 0 27 28 5 0 0 27 18 36 29 44 0 32 12 27 5 0 13 0 0 36 0 42 0 5 0 43 0 18 0 3 47 0 30 0 17 0 30 0 0 0 30 0 0 41 0 0 31 19 32 0 6 0 20 0 41 43 24 0 0 0 32 0 3 0 0 0 0 0 0 0 46 39 2 0 32 0 31 14 0 0 0 0 0 0 0 0 6 0 
36 35 37 0 9 0 0 0 0 0 0 43 11 41 47 45 0 0 36 0 0 15 43 0 0 0 28 44 0 39 24 0 0 0 28 27 0 0 0 48 0 0 42 0 0 41 0 48 26 4 23 0 0 18 24 0 0 3 0 14 41 0 26 47 0 0 0 0 24 0 8 38 0 2 0 48 42 30 47 0 0 21 17 0 0 40 0 14 42 21 27 0 0 5 0 48 0 0 8 33 
0 22 28 41 0 0 0 0 10 49 0 0 0 0 0 5 0 29 3 0 33 16 31 0 0 49 0 0 47 2 46 43 0 11 8 40 0 37 11 0 37 0 47 40 25 0 44 49 0 0 35 0 14 17 0 29 0 7 0 11 8 35 6 34 45 13 0 0 1 36 0 0 0 0 28 0 0 24 21 27 0 7 26 0 23 0 0 39 0 7 1 15 0 6 48 0 0 0 0 22 
0 0 7 0 18 47 0 10 0 7 30 0 0 40 29 44 6 46 0 0 29 0 19 2 25 0 0 31 0 19 0 0 35 32 0 29 18 17 0 14 0 0 35 0 0 0 0 0 0 0 0 0 0 43 0 9 14 35 39 28 5 0 38 39 5 0 0 0 0 0 40 27 46 0 0 0 37 26 0 0 17 0 37 0 0 0 8 24 12 0 0 16 0 40 7 29 23 0 0 27 
0 0 0 0 0 33 0 49 7 0 6 33 0 28 25 45 40 0 0 49 0 0 0 0 12 0 21 34 41 0 0 0 10 0 40 0 0 13 0 3 0 2 36 0 0 12 0 21 2 0 21 0 0 10 0 19 0 0 0 0 0 0 0 0 0 29 46 13 41 42 0 8 0 0 14 0 0 16 48 0 0 20 0 0 29 12 0 0 0 24 11 17 25 0 0 0 0 16 0 21 
22 0 0 28 0 0 0 0 30 6 0 15 26 46 0 0 34 0 0 0 0 0 0 0 0 22 0 31 33 0 35 19 0 0 9 0 4 0 31 0 7 0 17 0 15 0 0 0 44 43 0 0 0 0 0 33 19 6 0 4 0 0 22 0 8 31 38 11 0 0 13 0 37 30 47 3 0 0 0 0 48 46 6 8 0 0 0 0 0 0 0 18 3 42 10 10 24 48 0 0 
0 0 17 0 0 0 43 0 0 33 15 0 46 25 0 43 0 0 0 44 37 7 0 0 9 0 0 0 44 35 26 11 32 0 27 6 0 17 0 0 40 34 0 0 0 0 0 0 0 0 47 40 35 39 0 0 29 42 3 24 28 0 34 0 0 12 17 27 29 1 0 20 0 31 5 43 0 36 46 2 0 0 0 0 0 0 45 0 19 48 0 47 28 0 0 5 35 26 0 15 
28 0 0 0 29 27 11 0 0 0 26 46 0 17 0 38 0 0 24 0 4 0 35 0 30 0 0 27 0 30 0 5 0 23 0 0 0 0 0 0 0 1 41 33 17 0 23 0 40 46 0 0 44 0 40 0 0 39 0 39 0 0 43 0 0 0 0 0 17 0 0 39 0 43 0 0 0 45 24 0 0 11 0 0 36 0 11 15 0 0 5 14 39 0 0 38 0 0 0 0 
0 0 40 0 16 28 41 0 40 28 46 25 17 0 28 0 0 0 6 0 22 0 0 0 24 0 0 5 0 39 42 38 0 46 27 15 0 5 29 0 22 0 0 43 29 0 14 13 21 0 15 0 0 0 48 0 0 1 0 0 39 47 0 26 0 5 0 0 0 20 3 34 22 0 0 2 0 41 0 4 0 33 0 37 0 44 0 0 0 0 4 0 36 34 0 28 38 0 35 0 
0 0 0 11 0 5 47 0 29 25 0 0 0 28 0 0 10 7 46 5 36 0 0 0 33 11 0 6 0 0 15 41 0 0 44 0 0 28 0 20 15 0 23 12 49 49 24 10 8 0 14 43 0 31 0 2 41 0 0 46 0 26 0 0 13 0 0 34 8 0 0 22 0 28 0 0 28 0 8 35 29 0 30 0 3 0 4 0 44 0 40 46 0 25 39 0 5 24 39 0 
0 42 0 0 23 0 45 5 44 45 0 43 38 0 0 0 0 0 29 39 0 0 5 0 7 0 32 0 0 0 0 18 48 0 3 0 38 0 0 0 11 0 0 12 0 22 0 40 0 0 30 8 20 35 0 0 13 0 39 39 38 0 0 38 0 10 46 46 0 3 0 0 0 24 0 29 0 0 0 31 18 0 38 37 0 0 14 0 23 5 0 12 0 42 1 0 0 46 0 0 
27 17 0 0 0 0 0 0 6 40 34 0 0 0 10 0 0 0 34 35 0 37 33 0 34 0 38 0 0 0 47 47 0 44 31 0 0 48 17 0 0 36 0 32 48 0 22 0 0 7 0 4 44 11 3 0 0 0 0 0 35 0 0 4 0 0 39 0 0 7 24 4 42 0 35 42 0 9 34 26 15 12 30 10 22 0 0 0 27 12 0 0 0 10 16 0 41 6 0 20 
41 0 0 0 31 27 0 29 46 0 0 0 0 0 7 0 0 0 0 0 22 2 7 0 0 0 0 0 5 0 48 36 4 29 14 0 17 0 0 0 0 0 0 0 0 3 42 2 0 0 33 27 0 39 3 0 48 10 0 0 32 18 39 35 46 5 49 14 0 0 0 22 0 1 0 0 0 0 0 0 0 18 0 0 9 40 0 8 49 23 0 0 0 0 0 37 0 0 2 0 
27 0 9 0 0 18 36 3 0 0 0 0 24 6 46 29 34 0 0 46 0 0 44 9 0 0 27 24 2 3 0 41 24 0 32 11 15 0 35 0 48 0 28 0 0 19 0 8 0 0 5 27 0 49 0 14 45 13 0 0 0 25 0 43 0 21 0 0 0 39 49 0 0 29 48 0 47 0 39 0 49 44 0 0 0 49 38 0 13 27 37 0 0 26 22 29 0 0 0 23 
0 0 0 0 0 36 0 0 0 49 0 44 0 0 5 39 35 0 46 0 10 41 44 0 39 0 25 0 16 0 2 0 0 0 3 14 0 0 0 31 10 30 0 0 0 40 20 0 0 5 0 5 0 0 10 36 16 34 0 0 0 0 0 19 0 10 0 49 12 42 31 21 23 47 0 0 0 0 28 33 38 46 37 35 7 0 22 0 31 0 0 37 40 0 7 29 0 0 29 0 
37 0 0 0 46 29 0 33 29 0 0 37 4 22 36 0 0 22 0 10 0 0 43 17 0 28 11 28 0 0 0 0 6 15 9 9 34 11 0 23 0 0 36 0 31 0 3 0 0 0 6 38 26 0 0 0 27 16 0 5 9 6 0 0 0 14 0 5 24 20 27 11 37 14 37 0 10 40 0 25 0 11 0 0 11 15 7 37 30 15 41 0 21 47 8 0 0 33 49 0 
12 0 0 3 0 44 15 16 0 0 0 7 0 0 0 0 37 2 0 41 0 0 0 0 21 15 18 40 0 24 8 0 10 32 0 0 49 18 13 29 46 38 0 0 0 12 19 44 24 22 0 0 6 0 33 0 36 0 17 42 26 25 10 0 8 0 0 8 45 0 37 0 0 0 4 0 0 22 0 36 0 0 0 0 20 15 0 7 17 0 48 0 0 9 0 0 36 0 0 32 
0 18 37 48 0 0 43 31 19 0 0 0 35 0 0 5 33 7 44 44 43 0 0 0 21 19 0 17 23 0 26 7 0 0 2 19 0 0 0 0 4 36 12 23 0 0 29 49 0 13 42 0 0 12 0 24 0 18 0 5 0 18 0 47 0 17 17 45 10 0 48 0 0 0 0 24 7 15 0 16 27 0 0 30 28 0 5 9 34 0 0 0 0 0 27 0 0 0 16 0 
0 0 36 0 0 32 0 0 2 0 0 0 0 0 0 0 0 0 9 0 17 0 0 0 0 32 32 49 0 5 12 44 32 0 0 8 39 36 46 0 31 28 0 0 0 2 29 0 19 10 9 0 7 0 0 0 12 0 9 38 40 0 0 23 0 43 30 46 30 28 48 0 7 23 0 30 24 15 0 0 24 0 0 30 33 9 42 0 44 3 34 0 0 15 6 0 9 0 0 38 
30 0 0 0 42 12 0 0 25 12 0 9 30 24 33 7 34 0 0 39 0 21 21 0 0 0 0 0 0 0 6 41 0 9 0 35 19 0 39 0 46 34 0 0 45 28 0 0 38 23 48 45 21 0 44 0 19 0 0 31 3 20 0 0 29 28 41 0 32 31 49 29 0 10 0 0 0 0 0 26 40 0 23 13 0 18 0 3 0 3 33 0 0 0 0 0 34 0 5 17 
0 16 38 0 0 27 0 49 0 0 22 0 0 0 11 0 0 0 0 0 28 15 19 32 0 0 6 0 0 0 8 0 29 0 0 0 0 42 0 15 0 0 0 0 13 0 0 21 0 0 5 1 38 15 10 46 0 0 0 16 44 46 0 0 3 13 0 28 0 0 43 0 0 0 0 3 27 8 0 0 0 0 0 45 45 0 0 41 26 29 9 21 0 0 0 28 0 33 0 6 
31 7 47 15 0 5 28 0 0 21 0 0 0 0 0 32 38 0 27 25 11 18 0 32 0 6 0 0 0 0 17 0 36 27 16 0 35 39 0 0 40 22 6 23 0 47 19 35 0 0 0 19 0 0 30 0 37 35 0 8 0 30 29 30 0 44 0 42 34 0 33 0 39 0 48 0 0 0 28 0 0 32 0 0 0 0 49 0 0 0 0 29 42 0 10 0 0 0 0 16 
0 0 20 0 39 0 44 0 31 34 31 0 27 5 6 0 0 0 24 0 28 40 17 49 0 0 0 0 0 48 14 1 0 0 45 0 0 0 13 0 0 40 13 0 26 0 0 0 0 12 0 0 21 0 0 2 25 0 0 23 11 0 0 7 24 20 48 18 9 12 21 16 0 0 0 28 0 1 0 0 0 25 0 0 42 27 0 0 41 35 41 0 49 0 10 0 0 0 41 47 
24 0 0 0 0 13 0 47 0 41 33 44 0 0 0 0 0 5 2 16 0 0 23 0 0 0 0 0 0 14 0 0 0 0 28 1 0 0 0 7 41 0 0 47 0 0 8 0 24 2 0 0 2 41 0 49 41 36 33 0 49 0 28 0 0 0 0 43 4 20 49 0 0 0 0 20 31 1 0 0 2 0 0 0 0 36 4 41 0 0 28 19 38 0 0 0 0 17 24 0 
0 0 13 39 17 0 39 2 19 0 0 35 30 39 0 0 0 0 3 0 0 24 0 5 0 0 0 48 14 0 28 4 49 0 0 20 0 0 48 0 25 0 0 3 0 3 0 27 8 33 19 36 26 11 0 0 0 20 22 49 2 49 4 0 0 1 22 48 0 0 8 40 13 0 42 21 0 0 0 0 0 0 0 0 0 0 29 21 5 2 21 6 0 25 8 0 0 29 0 40 
36 0 0 0 25 0 24 46 0 0 35 26 0 42 15 0 47 48 0 2 0 8 26 12 6 8 17 14 0 28 0 42 0 34 0 0 0 0 45 10 24 0 30 34 0 0 21 0 26 0 43 0 24 0 0 0 0 23 28 0 0 0 0 46 13 13 0 31 0 11 40 0 41 0 0 0 0 0 0 6 27 0 32 0 21 0 29 28 4 0 5 25 0 26 22 0 39 0 0 0 
30 0 35 45 40 36 0 43 0 0 19 11 5 38 41 18 47 36 41 0 0 0 7 44 41 0 0 1 0 4 42 0 25 0 26 48 0 0 0 0 34 0 10 0 0 0 0 44 2 0 0 15 0 7 23 2 48 17 33 19 0 19 8 0 43 0 30 18 48 40 0 0 0 0 18 33 0 4 0 44 0 5 0 5 0 0 6 10 49 39 0 0 9 0 41 0 24 22 21 0 
3 0 41 29 0 0 0 0 35 10 0 32 0 0 0 48 0 4 24 0 6 10 0 32 0 29 36 0 0 49 0 25 0 10 0 0 0 0 22 3 34 0 18 0 0 41 0 1 21 18 0 39 0 0 0 35 0 0 10 38 33 0 5 23 6 13 4 11 0 0 13 48 25 30 0 49 22 0 49 0 3 0 0 12 0 0 0 27 28 8 0 0 3 20 0 8 0 37 0 47 
23 38 18 0 0 42 0 11 32 0 0 0 23 46 0 0 44 29 0 0 15 32 0 0 9 0 27 0 0 0 34 0 10 0 0 0 41 0 29 22 0 0 29 15 0 7 19 22 23 4 0 34 20 25 0 0 0 34 17 26 42 41 32 0 0 21 0 0 35 28 10 25 0 0 0 0 49 10 6 0 0 0 5 0 14 0 16 39 0 0 0 0 0 48 10 0 0 9 0 2 
0 38 0 0 0 0 28 8 0 40 9 27 0 27 44 3 31 14 32 3 9 0 2 0 0 0 16 45 28 0 0 26 0 0 0 0 0 34 18 27 0 0 0 1 0 0 33 43 36 0 0 39 0 0 0 0 0 0 0 24 21 42 0 30 0 29 0 0 14 0 0 0 0 0 0 0 44 0 0 31 0 46 0 0 0 0 49 0 0 24 0 49 0 2 30 13 0 0 0 0 
0 0 0 46 0 5 27 40 29 0 0 6 0 15 0 0 0 0 11 14 9 0 19 8 35 0 0 0 1 20 0 48 0 0 0 0 0 0 0 0 0 1 22 0 0 5 0 0 37 0 0 25 17 44 45 0 0 12 3 0 0 0 16 40 0 45 0 0 28 32 0 0 0 0 0 38 0 10 33 0 0 0 0 47 0 8 13 7 0 0 0 46 0 24 0 0 0 0 0 0 
0 29 0 23 0 0 0 0 18 0 4 0 0 0 0 38 0 17 15 0 34 49 0 39 19 0 35 0 0 0 0 0 0 41 0 0 0 20 0 0 0 0 37 46 0 0 38 44 0 0 45 17 36 27 0 29 0 0 5 12 0 0 0 9 0 28 16 3 0 0 0 0 36 0 0 38 48 8 33 20 0 0 36 0 0 0 0 0 20 0 0 0 7 0 40 0 0 0 24 0 
0 0 32 35 33 43 0 37 17 13 0 17 0 5 28 0 48 0 0 0 11 18 0 36 0 42 39 0 0 0 0 0 0 0 34 0 20 0 15 40 27 0 0 0 0 16 21 13 0 48 39 11 0 0 0 25 29 0 32 0 0 0 0 0 0 30 0 0 37 42 45 0 0 4 0 49 19 18 13 7 17 0 0 0 0 0 8 13 0 0 0 0 48 32 26 42 0 0 47 49 
0 0 3 38 39 0 0 11 0 0 31 0 0 29 0 0 17 0 35 0 0 13 0 46 39 0 0 13 0 48 45 0 22 29 18 0 0 15 0 12 0 0 35 46 0 21 40 0 4 0 0 0 8 0 0 4 0 30 27 23 0 0 0 23 23 14 35 0 45 1 0 0 37 0 27 18 0 0 0 0 0 48 0 47 0 3 0 0 0 29 45 0 43 9 0 0 0 0 14 18 
12 0 9 45 43 18 48 0 14 3 0 0 0 0 20 0 0 0 0 31 23 29 0 0 0 15 0 0 7 0 10 0 3 22 27 0 0 40 12 0 29 0 22 0 33 0 27 29 0 10 45 48 25 0 0 0 0 36 0 49 0 14 0 0 27 14 9 0 27 7 0 0 0 15 0 0 18 0 0 0 0 17 0 0 40 0 46 0 0 0 19 24 0 0 31 36 0 39 0 0 
43 0 31 8 7 0 0 37 0 0 7 40 0 22 15 11 0 0 48 10 0 46 4 31 46 0 40 0 41 25 24 34 34 0 0 0 0 27 0 29 0 0 23 0 47 0 48 0 12 42 0 2 0 0 0 25 0 0 37 23 0 21 23 0 41 0 35 0 6 39 0 0 43 1 7 41 0 0 21 0 47 0 45 0 20 0 0 0 48 0 13 48 12 0 0 4 28 0 30 0 
30 0 0 0 0 3 0 0 0 2 0 34 1 0 0 0 36 0 0 30 0 38 36 28 34 0 22 40 0 0 0 0 0 0 0 1 0 0 0 0 0 0 49 17 0 25 0 35 11 0 0 0 0 0 2 30 0 24 0 0 19 21 37 0 49 14 0 9 0 0 34 39 1 34 7 0 0 0 0 0 8 0 0 5 47 0 0 35 30 0 23 0 0 11 6 0 25 14 36 0 
0 42 26 0 0 47 42 47 35 36 17 0 41 0 23 0 0 0 28 0 36 0 12 0 0 0 6 13 0 0 30 10 18 29 0 22 37 0 35 22 23 49 0 0 0 0 0 32 0 23 0 0 0 8 21 22 0 25 13 0 40 32 21 0 34 12 0 20 46 0 16 8 22 32 49 6 0 6 0 44 0 0 0 33 0 0 7 0 0 0 32 0 2 4 0 0 15 0 7 12 
22 0 43 0 0 0 0 40 0 0 0 0 33 43 12 12 32 0 0 0 0 0 23 0 0 0 23 0 47 3 34 0 0 15 1 0 46 0 46 0 0 17 0 0 0 7 0 20 21 2 44 9 0 40 0 0 0 33 0 0 0 0 0 18 40 26 0 13 15 0 0 26 10 7 31 4 13 0 0 33 44 0 41 0 0 0 0 40 4 34 0 0 0 23 29 9 0 5 21 14 
20 0 0 48 0 30 0 25 0 0 15 0 17 29 49 0 48 0 0 0 31 0 0 0 45 13 0 26 0 0 0 0 0 0 0 0 0 0 0 33 47 0 0 0 0 0 45 0 0 0 9 0 0 15 23 6 14 0 0 22 0 31 29 16 0 0 7 0 0 31 27 12 0 26 0 0 0 0 0 12 0 0 0 26 12 0 0 25 43 48 47 2 30 0 18 0 27 24 48 0 
0 0 48 7 19 0 41 0 0 12 0 0 0 0 49 22 0 3 19 40 0 12 0 2 28 0 47 0 0 3 0 0 41 7 0 5 0 16 21 0 0 25 0 7 0 0 0 0 46 0 0 24 36 25 0 0 3 0 5 34 0 0 0 34 0 25 39 28 0 43 0 16 0 0 7 0 44 0 0 0 30 0 12 0 0 0 19 0 36 0 0 0 0 15 10 16 39 49 0 0 
38 12 0 0 10 17 0 44 0 0 0 0 23 14 24 0 22 42 0 20 3 19 29 29 0 0 19 0 8 0 21 0 0 19 33 0 38 21 40 27 48 0 0 0 45 0 0 10 46 33 32 16 45 20 0 32 21 4 0 0 0 18 0 38 19 43 0 28 0 0 0 0 10 0 32 0 0 0 29 0 0 0 20 37 31 0 20 3 0 0 0 15 0 26 0 5 21 0 0 0 
0 0 0 0 23 0 48 49 0 21 0 0 0 13 10 40 0 2 8 0 0 44 49 0 0 21 35 0 0 27 0 44 1 22 43 0 44 13 0 29 0 35 32 20 0 0 10 0 0 0 1 14 34 0 0 25 0 34 0 42 26 7 25 0 21 23 0 40 6 29 0 0 42 45 0 21 22 0 0 0 37 0 28 22 7 32 47 0 0 0 0 43 0 27 41 0 0 17 0 7 
25 18 35 0 49 30 26 0 0 2 44 0 40 21 8 0 0 0 0 0 0 24 0 19 38 0 0 0 24 8 26 2 21 23 36 37 0 0 4 0 12 11 0 21 0 46 46 0 0 48 0 1 36 25 22 20 2 12 0 46 5 10 0 0 0 0 9 0 41 0 44 0 43 0 9 37 9 17 8 11 16 0 12 0 13 33 22 0 0 7 12 1 0 43 0 30 40 30 0 33 
16 0 0 0 19 0 4 0 0 0 43 0 46 0 0 0 7 0 0 5 0 22 13 10 23 0 0 12 2 33 0 0 18 4 0 0 0 48 0 10 42 0 23 2 0 0 33 0 48 0 0 3 0 0 45 46 34 0 21 0 15 0 0 17 0 11 40 15 0 44 41 33 0 0 17 0 0 0 0 0 20 0 0 0 46 0 0 0 42 20 21 9 0 0 25 0 48 0 4 0 
0 0 0 3 0 0 23 35 0 21 0 47 0 15 14 30 0 33 5 0 6 0 42 9 48 5 0 0 0 19 43 0 0 0 0 0 45 39 0 45 0 0 0 44 9 0 32 1 0 0 0 0 40 37 46 0 36 0 0 0 0 8 0 46 0 48 0 0 0 11 0 0 0 0 12 0 0 14 0 48 2 44 0 41 32 16 0 20 33 0 12 0 0 0 26 22 0 0 2 0 
14 0 0 4 46 0 0 0 0 0 0 40 0 0 43 8 4 27 27 5 38 0 0 0 45 1 19 0 0 36 0 15 39 34 39 25 17 11 0 48 2 0 0 9 0 24 16 14 1 3 0 0 2 38 0 0 41 0 11 49 0 17 29 0 36 33 15 31 0 17 0 0 32 0 45 0 0 42 33 0 40 49 0 0 38 0 11 31 43 22 0 48 38 0 8 26 44 0 0 0 
27 13 36 39 0 30 0 14 0 0 0 35 44 0 0 20 44 0 0 0 26 6 0 7 21 38 0 21 2 26 24 0 0 20 0 17 36 0 8 25 0 0 0 0 0 36 45 34 36 0 40 2 0 0 0 0 0 14 8 6 13 22 0 6 30 24 45 0 0 38 38 20 0 0 12 0 43 30 35 9 0 0 0 46 34 3 35 0 16 0 0 29 16 31 0 0 6 0 3 0 
0 1 32 0 9 0 18 17 43 10 0 39 0 0 31 35 11 39 49 0 0 0 12 0 0 15 0 0 41 11 0 7 0 25 0 44 27 0 0 0 0 0 8 40 15 25 20 0 25 0 37 38 0 0 45 37 0 19 0 0 0 4 0 27 11 1 10 1 0 0 0 0 45 0 0 0 0 35 24 17 4 7 0 38 0 5 0 0 0 0 0 0 49 0 17 0 7 26 12 13 
0 7 0 0 0 0 24 0 0 0 0 0 40 48 0 0 3 3 0 10 0 33 0 0 44 10 30 0 0 0 0 23 0 0 0 45 0 0 0 0 0 2 21 0 23 0 0 0 22 45 46 0 0 45 0 48 5 37 0 0 45 0 0 28 4 0 23 14 0 0 14 0 5 0 0 4 46 0 0 0 0 0 23 0 5 34 33 0 22 28 33 18 15 0 0 0 0 20 0 0 
0 39 0 0 0 41 0 29 9 19 33 0 0 0 2 0 0 0 14 36 0 0 24 0 0 46 0 2 49 0 0 2 35 0 0 0 29 25 4 0 25 30 22 0 6 0 32 25 20 46 0 0 0 37 48 0 0 0 0 0 41 5 10 0 6 2 4 0 0 0 0 44 0 44 20 0 0 0 13 0 0 35 45 0 0 0 0 47 0 1 48 0 6 9 0 0 0 0 46 30 
0 0 21 6 0 0 0 0 14 0 19 29 0 0 41 13 0 48 45 16 27 36 0 12 19 0 37 25 41 0 0 48 0 0 0 0 0 29 0 0 0 0 0 0 14 3 21 0 2 34 36 41 0 0 5 0 0 0 0 41 12 0 36 6 0 19 44 0 44 47 0 0 20 0 38 0 0 8 0 0 0 4 0 0 29 0 19 47 12 48 0 23 41 0 29 17 45 24 0 0 
0 0 0 22 48 0 3 7 35 0 6 42 39 1 0 0 0 10 13 34 16 0 18 0 0 0 35 0 36 20 23 17 0 34 0 12 0 0 30 36 0 24 25 33 0 0 4 34 12 0 0 0 14 19 37 0 0 0 0 28 0 0 0 6 18 1 24 0 0 0 0 0 33 0 0 0 6 0 0 6 7 46 19 9 20 31 13 0 28 0 0 0 5 49 46 22 1 22 43 0 
0 0 1 36 17 31 0 0 39 0 0 3 0 0 0 39 0 0 0 0 0 17 0 9 0 0 0 0 33 22 28 33 10 17 0 3 5 32 27 0 37 0 13 0 0 5 0 0 0 21 0 11 8 0 0 0 0 0 0 39 0 1 0 14 34 0 35 0 0 7 0 0 0 0 3 0 0 13 0 0 0 35 44 0 0 0 0 41 0 19 0 48 19 0 14 5 37 48 0 32 
0 33 0 0 0 19 14 11 28 0 4 24 39 0 46 39 0 0 0 0 5 42 5 38 31 16 8 23 0 49 0 19 38 26 24 0 12 0 23 49 23 0 0 0 22 34 0 42 46 0 0 49 6 0 0 0 41 28 39 0 31 0 0 35 24 0 0 4 0 0 13 40 0 0 0 0 8 21 41 32 16 0 0 45 4 0 0 19 0 0 6 0 27 3 42 2 40 34 6 16 
0 0 0 12 16 32 41 8 5 0 0 28 0 39 0 38 35 32 0 0 9 26 0 40 3 44 0 11 49 2 0 0 33 42 21 0 0 0 0 0 0 19 40 0 0 0 0 26 5 15 0 0 13 0 45 41 12 0 0 31 0 6 0 27 27 39 10 0 0 35 0 0 15 35 25 0 0 34 0 9 0 44 30 19 0 0 0 0 37 0 13 31 0 42 10 0 32 19 0 0 
6 5 0 0 0 0 0 35 0 0 0 0 0 47 26 0 0 18 25 0 6 25 18 0 20 46 30 0 0 49 0 19 0 41 42 0 0 0 0 14 21 21 32 0 31 0 18 7 10 0 8 17 22 4 0 5 0 0 1 0 6 0 0 0 0 0 13 15 47 22 30 0 0 8 0 49 3 28 46 19 0 39 0 13 11 27 19 0 0 0 30 1 0 0 22 44 0 35 10 0 
26 0 0 0 0 6 26 6 38 0 22 34 43 0 0 0 0 39 0 0 0 10 0 0 0 0 29 0 28 4 0 8 5 32 0 16 0 0 0 0 23 37 21 0 29 0 0 25 0 0 0 29 0 0 0 10 36 0 0 0 0 0 0 47 0 0 0 0 38 35 0 31 0 2 0 0 15 46 12 0 0 0 20 43 0 43 0 16 0 0 0 0 0 23 36 0 13 7 0 2 
0 0 2 40 8 0 47 34 39 0 0 0 0 26 0 38 4 35 43 19 0 0 47 23 0 0 30 7 0 0 46 0 23 0 30 40 9 0 23 0 0 0 0 18 16 34 38 0 0 17 46 0 6 27 28 0 6 6 14 35 27 0 47 0 8 13 43 0 15 49 0 0 0 0 24 0 0 0 18 28 0 0 0 40 0 6 0 0 48 0 32 0 0 0 10 0 0 5 10 0 
28 42 15 0 0 20 0 45 5 0 8 0 0 0 13 0 0 46 0 0 0 8 0 0 29 3 0 24 0 0 13 43 6 0 0 0 0 0 23 27 41 49 34 40 0 0 19 21 0 0 0 36 30 11 4 6 0 18 34 24 27 0 0 8 0 0 0 34 0 27 48 0 0 0 6 44 45 0 28 32 0 0 31 30 0 26 48 33 0 0 18 46 0 27 30 6 1 0 0 32 
37 13 0 24 0 0 0 13 0 29 31 12 0 5 0 10 0 5 21 10 14 0 17 43 28 13 44 20 0 1 13 0 13 21 29 45 28 30 14 14 0 14 12 26 0 25 43 23 0 11 48 33 24 1 0 2 19 1 0 0 39 0 0 13 0 0 0 37 3 31 8 4 0 0 0 0 37 41 11 26 0 33 14 18 0 0 31 36 0 19 0 0 48 0 16 0 0 0 0 5 
6 39 29 37 0 41 0 0 0 46 38 17 0 0 0 46 39 49 0 0 0 0 17 30 41 0 0 48 0 22 0 30 4 0 0 0 16 0 35 9 35 0 0 0 7 39 0 0 9 40 0 15 45 10 23 4 44 24 35 0 10 13 0 43 0 0 0 0 0 0 0 0 9 45 25 0 0 14 0 0 0 0 46 28 46 0 18 26 0 0 30 0 2 28 48 25 3 0 5 2 
47 0 17 0 2 43 0 0 0 13 11 27 0 0 34 46 0 14 0 49 5 8 45 46 0 28 42 18 43 48 31 18 11 0 0 0 3 0 0 0 0 9 20 13 0 28 28 40 0 15 0 31 0 1 14 0 0 0 0 4 0 15 0 0 34 37 0 0 48 0 0 0 26 0 0 4 26 41 19 0 43 0 0 0 0 0 30 0 40 48 0 0 31 24 44 42 0 20 41 0 
30 37 0 0 12 24 24 1 0 41 0 29 17 0 8 0 0 0 0 12 24 45 10 30 32 0 34 9 4 0 0 48 0 35 14 28 0 37 45 27 6 0 46 15 0 0 0 6 41 0 0 0 0 0 0 0 44 0 0 0 0 47 38 15 0 3 0 48 0 6 0 0 0 0 27 0 40 0 0 0 17 31 11 0 40 29 44 0 10 8 0 36 0 24 27 0 19 8 0 0 
14 0 0 27 0 0 0 36 0 42 0 1 0 20 0 3 7 0 39 42 20 0 0 28 31 0 0 12 20 0 11 40 0 28 0 32 0 42 1 7 39 0 0 0 31 43 0 29 0 44 11 17 38 0 0 0 47 0 7 0 35 22 35 49 27 31 0 0 6 0 47 0 6 0 0 22 20 0 42 0 9 27 24 38 0 21 23 23 0 0 0 24 0 0 46 37 35 41 5 24 
0 0 26 3 0 0 8 0 40 0 13 0 0 3 0 0 24 0 49 31 27 37 48 48 49 43 33 21 49 8 40 0 13 10 0 0 0 45 0 0 0 34 16 0 27 0 0 0 44 41 0 0 38 0 14 0 0 0 0 13 0 30 0 0 48 8 0 0 0 47 0 0 0 22 0 14 28 0 0 0 39 0 2 2 37 1 0 0 0 1 0 26 8 5 40 0 29 0 2 0 
25 45 0 0 0 0 38 0 27 8 0 20 39 34 22 0 4 22 0 21 11 0 0 0 29 0 0 16 0 40 0 0 48 25 0 0 0 0 0 0 0 39 8 26 12 16 0 0 0 33 0 0 20 0 0 44 0 0 0 40 0 0 31 0 0 4 0 0 0 0 0 0 14 0 0 34 45 48 0 0 3 0 37 16 41 24 0 21 15 0 22 20 22 42 0 31 0 0 8 1 
0 0 34 0 11 32 0 0 46 0 37 0 0 22 0 0 42 0 0 23 37 0 0 7 0 0 39 0 0 13 41 0 25 0 0 0 36 0 37 0 43 1 22 10 0 0 10 42 43 0 0 32 0 45 5 0 20 33 0 0 15 0 0 0 0 0 9 26 0 6 0 14 0 42 33 42 47 8 0 27 0 3 0 21 43 9 0 46 6 3 29 0 15 6 37 0 4 9 21 0 
0 0 3 0 0 0 2 0 0 0 30 31 43 0 28 24 0 1 29 47 14 0 0 23 10 0 0 0 0 0 0 0 30 0 0 0 0 4 0 15 1 34 32 7 26 0 0 45 0 0 0 0 0 0 0 44 0 0 0 0 35 8 2 0 0 0 45 0 0 0 22 0 42 0 24 0 0 0 40 0 20 28 0 0 16 0 0 0 0 32 14 0 21 0 42 18 11 0 0 36 
46 15 0 21 0 3 0 28 0 14 47 5 0 0 0 0 35 0 48 0 37 4 0 0 0 0 48 0 0 42 0 18 0 0 0 0 0 0 27 0 7 7 49 31 0 7 32 0 9 17 12 45 12 0 0 20 38 0 3 0 25 0 0 24 6 0 25 0 27 0 0 0 33 24 0 32 0 45 0 0 3 0 0 0 0 36 43 0 0 36 0 0 22 0 0 17 0 30 0 0 
15 0 24 0 13 0 48 0 0 0 3 43 0 2 0 29 42 0 0 0 0 0 24 30 0 3 0 28 20 21 0 33 49 0 0 38 38 49 18 0 41 0 6 4 0 0 0 21 37 0 0 0 0 0 4 0 0 0 0 0 0 49 0 0 44 0 0 4 0 22 14 34 42 0 32 0 0 0 37 19 0 5 0 13 12 0 0 21 47 0 0 0 3 0 21 0 0 12 13 0 
0 15 0 9 0 0 42 0 37 0 0 0 0 0 28 0 0 0 47 0 10 0 7 24 0 27 0 0 31 0 0 0 22 49 44 0 48 19 0 18 0 0 0 13 0 44 0 22 9 0 0 0 43 0 46 0 0 6 0 8 0 3 15 0 45 37 0 26 40 20 28 45 47 0 0 0 0 22 0 42 10 41 48 0 0 2 0 0 0 0 0 0 44 0 42 21 29 28 8 16 
35 27 0 23 18 0 30 24 26 16 0 36 45 41 0 0 9 0 0 0 40 22 15 15 0 8 0 1 1 0 0 4 0 10 0 10 8 18 0 0 0 0 6 0 0 0 0 0 17 0 14 42 30 35 0 0 8 0 13 21 34 28 46 0 0 41 14 41 0 0 0 48 8 0 45 0 22 0 0 5 0 0 27 0 45 0 26 22 0 45 19 0 0 0 5 13 0 0 0 34 
0 0 0 0 0 0 47 21 0 48 0 46 24 0 8 0 34 0 39 28 0 0 0 0 0 0 28 0 0 0 0 0 49 6 0 33 33 13 0 0 21 0 0 0 0 0 29 0 8 0 0 33 35 24 0 13 0 0 0 41 0 46 12 18 28 11 0 19 0 42 0 0 0 40 0 37 0 0 0 0 0 0 0 0 0 41 36 41 45 2 0 32 29 0 17 0 3 0 0 9 
44 0 36 0 0 0 0 27 0 0 0 2 0 4 35 31 26 0 0 33 25 36 16 0 26 0 0 0 0 0 6 44 0 0 31 0 20 7 0 0 0 0 44 33 12 0 0 0 11 0 48 0 9 17 0 0 0 6 0 32 9 19 0 28 32 26 0 0 0 0 0 0 27 0 0 19 42 5 0 0 0 0 0 0 2 0 20 0 3 31 43 7 36 28 0 28 49 0 1 0 
0 40 0 0 36 0 0 0 17 0 48 0 0 0 29 18 15 0 49 38 0 0 27 24 40 0 0 0 2 0 27 0 3 0 0 0 0 17 0 0 47 8 0 44 0 30 0 37 16 20 2 40 0 4 0 0 0 7 0 16 0 0 0 0 0 0 0 43 17 9 39 3 0 20 3 0 10 0 0 0 0 0 0 0 0 0 0 19 0 20 5 0 0 0 17 0 0 0 0 0 
0 0 47 0 42 0 21 7 0 20 46 0 11 33 0 0 12 18 44 46 11 0 0 0 0 0 32 25 0 0 0 5 0 0 46 0 0 0 48 17 0 0 0 0 0 0 0 0 0 0 44 49 0 7 0 35 4 46 35 0 44 39 0 0 0 33 0 0 31 27 0 0 3 28 0 5 41 0 0 0 0 0 14 25 0 0 18 0 0 0 0 0 0 0 8 0 0 20 44 0 
9 36 0 0 4 46 17 26 37 0 6 0 0 0 30 38 30 0 0 37 0 0 0 0 23 0 0 0 0 0 32 0 0 5 0 0 36 0 0 0 45 0 0 41 0 12 20 28 12 0 0 0 0 0 23 45 0 19 44 0 30 0 20 0 31 14 46 0 11 24 2 37 0 0 0 0 48 27 0 0 0 14 0 0 31 6 19 38 27 0 11 10 0 20 8 0 0 0 16 0 
0 0 48 0 0 39 0 0 0 0 8 0 0 37 0 37 10 0 0 35 0 0 30 30 13 45 0 0 0 0 0 5 12 0 0 47 0 0 47 0 0 5 33 0 26 0 37 22 0 0 41 0 46 38 0 0 0 9 0 45 19 13 43 40 30 18 28 0 0 38 2 16 21 0 0 13 0 0 0 0 0 25 0 0 33 0 25 0 39 48 37 0 0 6 0 0 0 19 0 49 
0 22 30 41 0 2 0 23 0 29 0 0 36 0 3 0 22 9 0 7 11 20 28 33 0 45 0 42 0 0 21 0 0 14 0 0 0 0 0 40 20 47 0 0 12 0 31 7 13 46 32 38 34 0 5 0 29 20 0 4 0 11 0 0 0 0 46 0 40 0 37 41 43 16 0 12 0 45 0 2 0 0 31 33 0 33 18 0 14 0 33 16 0 19 21 41 29 36 18 0 
0 0 3 0 0 0 40 0 0 12 0 0 0 44 0 0 0 40 49 0 15 15 0 9 18 0 0 27 36 0 0 0 0 0 0 8 0 0 3 0 0 0 0 0 0 0 0 32 33 0 16 0 3 5 34 0 0 31 0 0 0 27 43 6 26 0 0 0 29 21 1 24 9 0 36 0 2 0 41 0 0 0 6 0 33 0 45 0 15 31 0 25 40 36 0 0 0 0 6 23 
0 0 29 41 0 32 0 0 8 0 0 45 11 0 4 14 0 0 38 22 7 0 5 42 0 0 49 0 4 29 29 6 0 16 49 13 0 8 0 46 0 0 7 0 0 19 20 47 22 0 0 11 35 0 33 0 19 13 0 0 0 19 0 0 48 31 18 30 44 23 0 0 0 0 43 0 0 26 36 20 0 18 19 25 18 45 0 0 40 28 7 0 30 14 0 11 10 0 0 0 
4 0 0 0 0 0 14 39 24 0 0 0 15 0 0 0 0 8 0 0 37 7 9 0 3 41 0 0 41 21 28 10 27 39 0 7 0 13 0 0 0 35 0 40 25 0 3 0 0 0 20 31 0 0 0 47 47 0 41 19 0 0 16 0 33 36 26 0 0 23 0 21 46 0 0 21 0 22 41 0 19 0 38 0 0 0 0 0 48 0 30 18 30 0 0 7 3 0 0 31 
0 10 0 42 41 31 42 0 12 0 0 19 0 0 44 23 27 49 13 31 30 17 34 44 0 26 0 41 0 5 4 49 28 0 0 0 20 0 0 0 48 30 0 4 43 36 0 0 0 42 33 43 16 0 22 0 12 28 0 0 37 0 0 48 0 0 0 40 10 0 0 15 6 0 0 47 0 0 45 3 0 0 27 39 14 15 40 48 0 10 0 0 7 0 14 21 0 46 0 0 
0 32 29 0 19 14 21 7 0 24 0 48 0 0 0 5 12 23 27 0 15 0 0 3 3 29 0 35 0 2 0 39 8 0 24 0 0 0 29 0 0 0 0 34 48 0 0 0 7 20 0 22 0 0 28 1 48 0 19 0 0 0 0 0 0 19 0 48 8 0 1 0 3 32 36 0 0 45 2 31 20 0 0 48 0 31 28 0 10 0 0 0 1 34 0 0 0 11 16 14 
0 0 0 42 0 0 27 1 0 11 0 0 5 4 40 0 0 0 37 0 41 48 0 34 33 9 0 41 28 21 5 0 0 0 0 0 0 0 45 19 13 23 32 0 47 0 0 0 12 21 12 0 0 0 33 48 0 0 0 6 13 30 0 32 18 0 30 0 0 0 0 22 29 14 0 0 0 19 0 43 5 0 11 37 33 0 7 30 0 0 0 2 45 18 35 14 22 30 8 28 
33 0 14 0 0 0 0 15 16 17 18 47 14 0 46 12 0 0 0 37 0 0 0 0 0 21 29 0 19 6 25 0 0 0 49 46 0 0 0 24 48 0 0 0 2 0 15 43 1 9 0 48 29 0 18 0 23 0 48 0 31 1 0 0 46 0 0 0 36 24 26 20 0 0 0 0 0 0 32 7 0 0 10 0 16 25 0 18 0 0 2 0 0 0 0 19 0 0 0 0 
0 36 0 24 12 0 0 0 0 25 3 28 39 36 0 0 0 0 0 40 21 0 0 0 0 0 42 49 38 0 0 9 3 0 0 0 7 48 43 0 12 0 2 0 30 0 0 0 0 0 0 38 16 49 15 6 41 5 19 27 0 0 0 0 0 48 2 31 0 0 8 22 15 21 22 3 44 0 29 36 0 0 0 0 0 40 30 30 7 1 45 0 0 42 39 0 0 0 17 8 
0 49 0 30 5 0 5 6 40 0 42 0 0 34 25 42 10 0 26 0 47 9 0 15 0 0 0 0 0 25 26 0 20 48 2 24 0 32 9 0 0 11 4 23 0 15 26 27 43 0 0 0 31 0 0 9 0 49 0 3 42 0 23 0 27 0 28 24 24 0 5 42 6 0 0 0 0 0 0 28 0 0 20 6 19 36 14 0 0 34 18 0 42 0 23 0 0 0 0 29 
0 0 0 45 16 0 0 48 7 0 10 0 0 0 39 1 16 0 22 7 8 0 27 6 0 0 10 10 0 8 22 41 0 10 30 0 40 26 0 31 0 6 0 29 18 10 0 41 0 25 26 8 0 17 0 0 29 46 14 42 10 22 36 10 30 16 48 44 27 46 40 0 37 42 0 21 42 5 17 0 17 8 8 0 21 0 0 0 14 0 35 0 39 23 0 35 14 0 0 0 
40 0 0 0 41 0 48 0 29 0 10 5 38 28 0 0 0 37 29 29 0 0 0 0 0 28 0 0 0 0 0 0 8 0 13 0 0 42 0 36 4 0 0 9 0 16 5 0 30 0 22 26 0 0 0 0 17 22 5 2 0 44 0 0 6 0 25 42 0 37 0 31 0 18 17 0 21 13 0 28 0 0 0 0 41 0 11 7 21 0 14 19 0 0 35 0 24 5 23 43 
13 14 0 0 0 0 0 0 23 0 24 35 0 38 5 0 41 0 0 0 0 36 0 9 34 0 0 0 0 0 39 24 0 0 0 0 0 0 0 0 28 25 15 0 27 39 21 0 40 48 0 44 6 7 0 0 45 1 37 40 32 0 13 0 1 0 3 0 19 35 29 0 4 11 0 0 29 0 3 49 0 0 0 0 29 0 10 3 0 0 22 0 0 0 14 24 0 0 34 0 
27 34 0 34 1 0 0 0 0 16 48 26 0 0 24 46 6 0 0 0 33 0 0 0 0 33 0 0 17 29 0 22 37 9 0 0 0 0 0 39 0 14 0 5 24 49 0 17 30 0 0 0 0 26 20 0 24 22 48 34 19 35 7 5 0 0 0 20 8 41 0 0 9 0 30 12 28 0 0 0 0 20 0 19 36 0 0 0 46 11 30 0 0 0 0 5 0 0 43 0 
0 0 0 17 0 6 8 0 0 0 0 0 0 35 39 0 0 2 0 29 49 0 16 0 5 0 0 41 24 0 0 21 0 0 0 0 24 47 14 0 30 36 7 21 48 0 0 0 0 4 2 0 3 12 0 46 0 43 0 6 0 10 0 10 0 0 5 41 0 5 2 8 21 0 0 13 8 0 0 1 0 44 16 0 18 6 0 0 0 16 8 0 17 0 0 23 34 43 0 0 
0 0 37 11 48 0 33 22 27 21 0 15 0 0 0 0 20 0 23 0 0 32 0 38 17 6 16 47 0 40 0 0 47 2 0 0 0 49 18 0 0 0 12 14 0 0 0 7 33 0 0 0 0 13 0 30 0 0 32 16 0 0 2 0 32 5 2 0 0 24 0 1 0 36 0 0 16 34 9 0 0 0 0 49 0 23 0 31 0 14 28 0 8 29 0 43 0 0 0 0 
