200
0 0 0 0 16 0 36 0 0 0 22 0 28 0 0 0 27 41 27 0 37 12 0 0 30 0 31 0 24 0 36 30 3 23 0 0 0 0 0 12 43 30 0 22 20 0 38 0 25 16 0 14 27 0 0 0 0 0 0 0 0 6 26 0 28 37 6 47 30 14 0 25 0 0 46 15 0 35 0 44 0 0 9 0 0 0 0 4 0 0 0 33 0 0 0 40 13 27 0 0 40 0 0 35 0 0 2 0 3 18 0 0 0 2 0 0 42 0 0 45 20 41 30 32 18 0 0 0 0 10 28 0 0 0 0 0 0 7 0 20 25 29 0 33 30 4 20 0 0 9 16 41 0 0 24 19 46 47 0 22 0 0 0 0 29 42 0 0 1 35 0 25 15 0 0 44 0 28 0 0 37 33 0 38 29 0 8 0 22 0 0 30 38 36 0 19 29 44 12 29 
0 0 30 0 5 44 0 14 39 7 41 5 19 29 0 0 18 18 0 25 44 0 0 0 0 0 26 45 0 6 40 0 0 0 0 43 0 0 8 0 5 49 12 23 29 0 44 47 0 41 23 12 11 6 2 0 31 0 6 21 37 45 27 23 0 9 17 0 0 25 38 0 25 1 37 0 0 0 0 0 0 0 32 0 31 34 0 0 0 0 0 0 0 0 0 14 0 0 0 27 0 0 41 0 0 0 43 37 8 46 0 0 19 0 13 49 0 0 10 37 11 43 0 7 2 14 0 22 0 20 0 22 5 40 12 41 0 6 29 28 0 0 0 21 25 23 0 0 0 31 0 0 0 0 0 26 0 23 0 41 43 0 14 0 0 25 0 10 0 20 37 33 0 0 5 0 0 0 0 0 0 0 43 0 0 0 6 22 0 5 14 0 0 27 0 45 3 3 7 0 
0 30 0 22 43 0 29 0 0 9 0 0 37 9 0 49 4 34 34 49 0 0 0 47 0 30 1 47 0 0 0 0 4 34 0 0 0 0 0 26 0 0 0 0 0 30 37 0 15 22 0 5 29 28 0 49 0 3 0 0 0 44 40 3 29 4 1 0 48 39 0 0 36 35 40 0 16 28 5 30 0 0 0 30 44 36 0 1 39 0 0 0 0 0 0 0 44 45 30 0 0 41 42 0 27 33 0 43 0 18 24 0 0 10 0 26 0 0 0 35 0 27 25 0 15 0 6 0 13 0 1 47 27 0 17 0 0 30 47 0 48 0 0 0 32 0 0 28 13 0 15 0 13 0 13 0 11 0 0 0 0 42 21 34 0 0 39 0 0 0 0 18 7 0 0 38 6 0 18 19 46 0 0 0 0 38 0 0 8 0 0 15 0 30 1 0 19 39 26 0 
0 0 22 0 0 34 0 0 0 0 0 0 18 40 0 0 23 0 0 48 32 0 0 0 0 0 0 16 22 0 0 0 48 0 32 22 38 41 0 31 0 26 0 17 17 3 32 40 0 5 39 0 19 22 0 0 13 0 0 0 37 5 0 0 8 0 0 45 0 12 28 0 37 0 19 6 0 0 45 12 6 35 0 0 0 15 0 0 0 19 6 0 23 0 18 31 0 0 27 0 0 0 44 0 15 14 0 0 0 0 0 20 11 33 0 18 47 36 38 0 0 44 0 29 26 0 11 19 18 37 0 0 0 0 31 5 0 0 34 0 0 0 5 0 6 0 0 4 0 7 0 40 0 21 0 27 0 0 0 0 0 0 37 0 0 19 12 43 33 0 0 22 0 0 0 28 35 41 0 0 0 31 0 48 0 31 0 15 0 23 48 25 0 36 33 5 0 44 0 0 
16 5 43 0 0 41 0 0 0 0 0 42 49 24 25 0 23 0 36 22 0 0 48 0 0 0 19 2 4 0 34 8 0 29 7 0 21 0 9 35 0 0 0 0 16 0 0 0 0 7 11 17 25 10 40 1 0 10 0 0 15 39 0 27 0 48 24 0 32 33 23 0 0 0 0 0 0 0 32 14 0 0 0 0 4 21 34 0 0 0 16 0 26 5 23 0 0 0 33 35 0 7 16 0 9 0 0 0 0 0 0 0 0 10 0 33 0 22 0 0 0 0 12 0 0 0 31 0 0 15 0 17 21 0 26 29 40 26 0 37 0 19 44 38 29 0 22 11 0 0 26 16 0 38 0 9 23 0 0 0 0 28 27 0 0 0 0 11 29 40 0 0 11 0 0 0 0 0 0 32 0 0 0 0 0 0 18 42 36 0 0 0 0 0 6 0 29 0 29 9 
0 44 0 34 41 0 0 0 0 0 0 0 46 1 26 0 0 13 28 0 22 0 35 40 35 22 0 0 0 0 0 0 0 42 17 0 0 0 0 0 18 0 0 16 7 0 0 0 0 0 0 38 38 0 29 0 0 0 0 0 42 0 0 0 12 0 18 0 0 0 13 1 7 39 0 0 0 33 0 5 0 0 42 13 39 0 37 0 0 45 0 0 15 0 15 27 0 0 40 0 36 0 22 0 0 0 10 32 0 0 36 49 0 0 14 34 0 0 0 0 0 0 0 0 34 24 0 0 0 0 41 46 0 0 0 24 0 1 0 0 0 43 25 0 20 0 45 0 39 0 0 0 20 34 44 5 0 0 0 0 12 0 13 0 30 3 0 32 3 0 8 19 17 0 0 0 0 0 0 0 26 34 0 0 19 42 0 27 0 0 0 0 49 6 31 30 0 0 0 0 
36 0 29 0 0 0 0 25 20 0 42 3 11 0 27 0 0 41 9 24 39 0 0 32 11 21 6 0 14 0 39 0 22 0 30 0 0 44 0 0 25 0 0 0 0 33 0 11 0 31 34 0 0 0 0 0 0 0 40 0 43 31 0 16 0 16 0 0 12 35 34 0 23 0 0 44 20 43 0 45 25 40 0 0 19 0 13 0 6 5 34 0 35 20 16 36 0 0 0 0 0 3 38 0 0 11 6 0 5 12 0 30 4 17 0 22 23 6 44 0 0 29 0 48 1 46 0 0 0 0 0 0 0 27 49 0 37 7 8 0 18 0 22 21 0 0 0 0 24 38 34 0 18 13 32 18 10 0 0 9 0 46 0 23 0 0 0 0 2 0 0 0 41 26 44 0 0 0 28 0 0 13 0 0 25 34 14 0 0 0 0 0 16 42 43 40 38 0 0 0 
0 14 0 0 0 0 25 0 40 3 14 32 29 0 5 0 47 0 39 26 0 41 22 0 27 35 0 26 0 0 46 0 47 40 12 0 4 0 26 43 17 40 0 45 0 31 0 0 14 0 20 0 0 0 33 0 0 0 0 36 0 0 8 42 38 0 0 41 0 2 0 1 0 10 0 41 40 0 36 5 0 7 0 24 0 0 0 31 40 5 0 0 3 26 0 0 48 8 0 32 0 20 32 0 29 28 0 20 44 0 24 0 0 40 44 39 0 0 21 0 0 0 19 0 0 0 0 11 6 0 43 0 0 26 0 0 0 0 0 49 48 0 17 0 13 0 0 1 0 0 33 4 36 0 8 0 0 0 0 7 35 4 26 0 29 0 0 34 16 0 0 15 0 0 1 0 9 30 0 14 0 35 17 15 0 0 0 0 31 27 0 17 30 0 0 10 0 16 0 34 
0 39 0 0 0 0 20 40 0 29 0 48 14 27 1 0 0 30 0 1 9 0 17 0 0 45 41 21 27 19 0 0 0 35 47 9 0 0 4 0 43 33 35 8 11 35 0 0 16 0 0 25 0 0 0 17 0 44 38 0 0 3 0 0 0 0 21 42 0 25 29 36 9 0 43 0 0 0 0 12 1 16 0 35 33 0 0 0 34 40 0 0 0 14 0 0 45 0 24 39 0 0 0 12 0 0 0 14 0 0 0 36 15 0 0 47 8 0 0 41 12 24 0 0 37 0 40 0 21 15 0 0 19 0 35 0 0 0 0 1 0 0 36 34 0 0 33 0 30 24 0 0 48 30 0 36 23 41 0 44 0 40 0 26 37 0 0 0 21 0 5 0 0 41 22 27 0 6 28 0 29 0 0 28 0 21 0 22 0 0 17 0 24 0 0 12 36 0 0 9 
0 7 9 0 0 0 0 3 29 0 0 0 0 0 0 0 0 10 0 4 0 0 0 0 0 24 30 0 45 43 0 13 10 0 48 0 0 35 0 0 43 0 2 39 0 14 0 0 23 0 0 0 0 0 0 24 4 1 21 1 43 0 13 5 8 0 0 26 0 18 0 37 0 0 27 15 0 38 0 49 22 21 10 0 1 33 0 5 34 0 0 28 11 0 32 0 29 42 47 0 0 6 11 2 0 0 0 0 27 33 39 0 6 1 0 0 33 49 0 18 8 0 0 0 39 29 40 19 0 0 0 0 43 0 34 8 44 1 0 22 0 0 21 0 41 35 48 26 0 0 0 43 31 0 0 21 21 0 39 43 0 31 23 35 0 9 0 0 9 45 3 46 0 23 0 26 0 36 3 0 49 0 0 31 41 0 0 13 0 0 0 49 0 29 0 0 0 0 38 0 
22 41 0 0 0 0 42 14 0 0 0 21 40 0 6 15 0 0 24 0 37 16 18 0 0 0 25 0 0 37 11 0 43 0 0 24 42 22 12 0 11 0 0 3 0 48 17 0 0 40 0 18 7 0 2 12 0 0 0 0 0 0 0 0 35 34 37 28 7 0 0 17 0 40 0 0 0 0 9 0 0 0 37 36 0 38 47 20 0 13 0 35 41 18 0 0 0 32 3 9 31 0 26 43 0 48 0 0 35 0 0 0 36 32 0 0 21 0 1 0 0 0 0 2 15 0 29 17 0 0 26 0 34 3 0 24 0 0 0 36 0 47 0 48 30 3 29 0 0 29 0 14 0 0 0 0 0 0 0 37 0 0 0 10 39 1 0 40 0 36 0 0 0 27 0 0 29 0 0 0 0 0 45 35 0 12 0 6 0 37 43 35 0 0 0 11 0 33 0 8 
0 5 0 0 42 0 3 32 48 0 21 0 0 0 0 2 3 0 0 0 39 28 15 0 34 0 31 0 0 8 0 28 0 2 14 0 19 0 30 36 0 32 44 13 8 0 14 0 14 29 0 0 0 11 0 42 0 0 0 0 0 0 0 37 9 0 5 27 0 34 15 0 0 0 0 25 11 0 39 24 0 35 27 2 46 26 0 0 7 0 0 48 0 27 0 4 0 41 0 0 0 49 0 0 6 47 0 0 0 5 0 9 0 0 0 36 0 0 2 0 45 11 0 0 0 36 48 49 0 0 0 1 30 0 43 35 0 0 2 0 0 44 0 0 12 34 43 0 41 0 0 37 0 11 29 47 0 0 0 25 0 0 26 0 0 20 0 0 0 25 20 0 0 45 4 31 30 47 0 0 0 46 0 0 9 0 0 6 14 45 31 22 48 8 0 1 0 30 8 0 
28 19 37 18 49 46 11 29 14 0 40 0 0 0 0 8 0 0 11 3 5 9 41 27 3 0 0 7 47 24 5 0 38 2 34 11 49 0 0 1 0 0 9 0 0 0 0 29 0 0 0 19 0 24 46 15 0 0 0 8 0 30 12 0 31 45 0 0 38 27 0 0 29 0 42 0 26 0 0 40 34 49 0 45 24 0 11 0 0 0 45 47 13 0 0 43 1 0 21 0 29 0 0 0 38 43 42 15 25 0 0 10 0 0 0 0 20 17 19 0 0 0 7 0 19 0 6 0 2 0 12 30 29 13 0 18 0 0 0 0 0 38 0 48 0 0 0 25 12 0 0 12 15 44 27 0 43 33 8 0 0 19 26 42 32 0 11 0 0 0 18 36 0 0 0 38 0 16 14 18 15 0 0 0 42 7 0 36 39 24 32 0 43 10 46 26 25 0 0 0 
0 29 9 40 24 1 0 0 27 0 0 0 0 0 3 0 7 0 0 0 0 45 0 0 0 0 39 42 3 0 49 19 0 39 43 0 43 0 0 0 0 36 0 25 7 0 0 14 36 48 0 0 45 11 3 0 33 41 0 0 0 0 5 0 0 47 40 0 0 0 0 44 0 0 20 0 19 0 0 0 0 0 16 20 26 0 0 10 10 0 0 33 32 1 23 21 47 14 0 30 0 29 25 0 49 45 0 19 0 5 0 48 0 40 20 0 10 49 0 0 29 0 0 0 0 30 32 49 43 0 0 7 0 0 9 0 0 4 0 0 8 12 0 27 4 41 0 0 0 27 0 17 0 42 28 0 23 0 27 0 0 5 24 0 0 33 0 9 0 0 31 0 40 0 0 43 0 45 7 0 23 0 0 0 0 29 0 10 0 3 27 39 0 0 0 0 0 47 29 21 
0 0 0 0 25 26 27 5 1 0 6 0 0 3 0 0 0 15 15 0 40 0 0 36 16 35 0 0 36 8 47 0 0 0 4 38 34 43 49 0 1 0 17 47 0 38 22 0 4 0 22 43 44 0 0 11 0 0 0 0 0 18 0 29 25 18 0 0 0 0 0 0 0 10 0 36 47 31 0 3 18 17 0 14 0 0 24 7 0 0 4 7 0 18 35 40 35 0 0 0 19 43 5 6 5 14 0 3 45 0 5 0 0 2 27 49 28 0 0 40 0 10 46 12 27 0 3 13 33 0 0 4 47 0 0 0 28 0 0 0 41 0 0 49 11 12 49 38 14 0 0 0 0 0 25 43 0 27 0 40 0 0 43 26 0 3 28 5 0 0 0 47 0 0 0 1 24 43 0 0 0 20 0 13 0 26 0 49 0 0 0 0 25 30 0 3 0 0 7 38 
0 0 49 0 0 0 0 0 0 0 15 2 8 0 0 0 0 35 37 10 47 31 10 0 26 0 0 0 0 0 0 0 0 40 0 0 0 4 0 0 33 28 31 0 0 38 5 34 0 0 0 18 0 0 39 1 8 48 0 0 0 0 0 0 0 0 0 3 0 48 32 45 27 0 12 0 0 0 0 22 0 0 0 0 0 0 0 0 0 14 0 37 25 10 29 0 0 0 30 28 0 0 0 0 0 36 30 25 4 0 46 16 0 0 4 0 0 43 48 1 0 0 37 32 0 18 0 39 0 0 18 35 0 41 0 0 28 0 0 0 11 0 0 0 0 0 0 3 48 0 0 0 15 0 0 39 0 45 29 0 0 46 23 35 38 45 8 0 0 0 48 7 0 0 0 0 3 4 39 0 0 0 6 22 36 0 12 0 0 40 0 24 37 0 0 27 3 0 0 0 
27 18 4 23 23 0 0 47 0 0 0 3 0 7 0 0 0 21 0 9 23 0 0 0 0 0 0 41 0 41 0 42 0 42 0 24 30 45 0 0 34 17 11 0 0 28 0 0 1 41 0 0 0 39 32 0 0 0 0 20 20 0 13 47 0 18 0 0 0 29 0 0 0 0 0 0 30 0 39 30 0 19 0 30 9 0 1 8 19 16 0 38 29 0 36 0 9 6 18 23 0 0 0 0 8 24 0 37 0 0 19 28 8 0 0 16 13 9 0 31 0 5 20 0 47 0 40 7 13 9 29 0 0 0 31 0 0 30 0 4 19 32 0 0 0 0 45 0 0 0 0 29 27 24 0 0 31 0 0 0 0 0 0 0 10 0 0 0 3 36 38 0 0 21 2 0 12 46 44 16 0 48 44 0 23 0 18 5 8 0 0 0 9 0 0 18 0 0 0 17 
41 18 34 0 0 13 41 0 30 10 0 0 0 0 15 35 21 0 0 0 41 0 0 42 47 24 39 43 39 6 0 0 0 0 15 0 0 22 17 0 0 25 7 0 42 21 26 0 0 0 32 29 0 0 0 0 14 0 0 0 17 33 0 0 0 1 0 15 0 2 0 39 0 38 0 19 0 0 0 46 5 0 26 8 36 47 6 0 6 49 0 0 0 40 40 0 0 0 0 0 31 23 0 9 0 0 27 0 0 41 16 0 34 0 0 0 40 47 0 0 0 24 0 0 15 0 5 6 39 0 22 0 0 0 0 30 0 0 0 0 0 0 39 0 0 0 3 0 26 25 47 0 48 17 48 0 0 0 19 17 0 41 38 0 17 0 0 0 22 49 6 0 0 0 0 0 0 6 27 0 31 0 26 30 0 0 44 19 0 0 0 27 2 24 0 0 0 0 19 0 
27 0 34 0 36 28 9 39 0 0 24 0 11 0 15 37 0 0 0 0 25 33 0 21 36 41 48 0 19 1 23 44 26 5 0 0 48 2 0 9 0 5 0 0 0 33 0 48 3 0 44 27 0 0 0 38 0 0 30 0 0 5 13 0 9 48 0 0 0 9 0 37 0 0 0 16 10 0 15 13 21 11 0 0 0 42 8 0 40 0 41 0 0 5 18 0 0 48 9 0 0 24 42 0 2 0 40 0 47 0 27 20 17 0 0 0 11 0 0 2 0 48 43 0 4 13 0 8 12 0 12 20 0 0 0 25 0 31 0 44 37 0 0 0 35 4 0 0 5 0 0 0 0 0 30 0 0 18 0 0 0 23 0 38 0 0 0 0 9 1 0 0 0 0 0 1 36 39 0 41 35 47 0 31 0 17 0 47 0 0 15 0 15 0 41 42 31 0 0 0 
0 25 49 48 22 0 24 26 1 4 0 0 3 0 0 10 9 0 0 0 0 31 0 0 0 0 0 0 26 22 0 0 21 0 43 11 0 25 10 30 0 0 0 0 28 21 25 10 0 0 0 0 0 39 0 33 26 0 0 0 0 0 0 0 48 0 33 0 35 42 22 4 17 0 39 0 27 0 6 0 4 0 33 27 0 37 0 21 13 0 24 0 0 39 33 0 49 0 8 0 0 29 38 28 34 0 24 0 0 29 12 47 0 0 0 33 32 0 6 0 0 29 0 40 20 44 0 0 0 0 2 0 42 39 0 0 14 21 0 0 2 0 3 39 46 0 24 30 0 29 26 32 9 36 23 0 31 0 47 0 0 48 14 33 38 11 8 0 0 0 8 37 44 10 27 0 36 0 19 0 0 0 24 39 31 0 18 14 0 17 0 0 16 0 0 0 0 0 0 15 
37 44 0 32 0 22 39 0 9 0 37 39 5 0 40 47 23 41 25 0 0 2 16 0 0 0 0 39 12 27 9 3 0 4 0 0 0 0 12 0 2 28 7 19 43 0 0 48 0 24 4 0 0 19 0 27 0 47 0 6 25 0 0 0 28 38 26 0 0 37 16 0 16 22 0 10 0 0 0 2 28 0 21 0 32 0 0 26 0 47 0 13 0 44 0 0 33 17 0 0 5 0 0 0 0 0 0 2 0 0 3 32 3 0 0 34 0 0 12 6 0 47 18 0 0 0 0 0 30 0 0 34 0 0 0 0 38 0 0 0 0 0 0 35 29 0 21 46 0 0 0 2 30 20 0 0 0 38 44 10 48 0 0 40 4 4 0 41 0 0 0 26 42 0 13 22 0 33 0 45 16 0 47 45 0 0 15 22 28 10 31 0 0 0 0 32 0 0 0 26 
12 0 0 0 0 0 0 41 0 0 16 28 9 45 0 31 0 0 33 31 2 0 43 5 4 36 0 16 0 0 48 0 18 15 46 0 0 0 0 25 8 0 34 0 9 0 18 0 0 0 29 16 0 23 0 31 0 0 46 0 0 0 42 0 0 39 0 17 25 40 0 0 0 0 0 33 39 43 7 0 0 0 0 19 10 23 49 19 0 46 0 9 0 0 0 48 17 0 16 0 0 8 0 0 0 2 12 0 0 0 11 0 0 13 0 18 0 0 36 42 4 0 0 0 0 0 41 19 0 0 12 5 16 41 0 1 0 48 28 0 18 38 0 0 2 0 0 0 42 0 29 0 2 31 0 4 11 0 23 0 37 0 0 4 0 1 0 0 48 0 0 0 0 0 38 0 0 0 0 0 10 0 0 11 20 47 0 0 0 0 42 0 26 0 0 4 0 25 26 6 
0 0 0 0 48 35 0 22 17 0 18 15 41 0 0 10 0 0 0 0 16 43 0 8 0 0 32 0 0 5 0 0 0 0 0 8 9 0 0 7 29 0 0 0 0 0 46 12 22 1 0 46 27 27 5 0 0 36 32 7 41 21 0 0 24 1 17 33 15 0 0 43 8 0 0 14 0 0 0 1 0 47 0 39 25 0 1 0 0 32 0 0 5 0 0 28 0 8 12 0 0 3 0 15 30 4 0 9 0 0 0 0 0 11 15 0 0 15 0 0 0 0 0 0 0 0 34 39 38 46 0 45 0 0 0 29 29 38 0 0 47 0 19 1 0 33 0 24 0 30 30 0 10 17 4 21 47 37 0 0 34 0 28 33 21 38 14 49 28 3 0 0 4 10 26 0 43 5 39 0 0 20 43 47 0 46 0 34 0 0 0 16 0 49 0 0 39 13 41 0 
0 0 47 0 0 40 32 0 0 0 0 0 27 0 36 0 0 42 21 0 0 5 8 0 15 32 0 0 0 16 34 0 0 24 0 0 0 22 5 0 19 23 0 0 0 0 20 0 0 19 16 28 0 0 45 0 39 35 20 0 3 5 0 0 29 0 0 24 23 40 0 0 0 26 46 14 0 0 38 0 35 0 0 18 0 0 0 0 0 0 34 0 0 4 0 0 5 0 47 0 18 0 0 0 34 0 0 0 0 0 0 20 35 0 0 0 0 8 0 0 0 31 0 38 0 5 0 0 0 0 21 1 14 0 32 47 13 0 47 0 0 0 0 46 45 0 0 0 0 0 10 10 20 20 0 0 24 0 0 7 17 19 0 0 0 42 29 0 19 27 0 29 0 38 0 0 46 0 0 10 0 6 0 25 25 0 34 48 28 32 6 0 0 0 0 11 0 0 37 0 
30 0 0 0 0 35 11 27 0 0 0 34 3 0 16 26 0 47 36 0 0 4 0 15 0 0 0 4 0 48 30 42 0 0 38 0 0 0 25 0 19 46 10 19 26 0 24 22 42 40 0 4 0 10 0 24 0 0 0 12 0 0 0 0 0 43 0 6 0 0 34 8 19 0 0 44 0 0 17 0 0 0 0 41 29 0 16 24 0 46 35 0 6 40 15 11 35 11 16 24 36 1 0 0 0 0 0 33 14 13 12 0 32 0 0 0 21 17 35 0 0 22 21 0 13 0 0 47 0 45 22 0 46 0 38 0 17 0 25 0 0 0 0 0 0 0 0 0 8 27 2 0 48 0 0 12 0 0 11 9 0 32 45 0 0 34 0 0 19 26 0 0 13 0 0 47 0 0 0 29 0 5 0 0 0 0 0 0 1 0 0 0 0 0 19 13 28 20 21 47 
0 0 30 0 0 22 21 35 45 24 0 0 0 0 35 0 0 24 41 0 0 36 0 32 0 0 0 9 0 0 40 18 7 0 9 11 0 30 15 39 0 0 0 29 0 0 19 31 0 44 0 0 0 5 28 28 3 0 37 20 37 28 37 0 0 45 5 0 0 20 0 23 0 41 0 0 0 22 0 6 0 0 0 0 12 42 0 14 17 0 33 5 15 22 0 2 0 0 31 0 27 0 0 0 38 17 38 4 0 17 9 6 24 23 0 0 16 29 0 0 16 0 0 30 0 40 0 23 0 13 0 22 10 0 0 47 0 1 2 41 0 0 47 44 37 0 30 4 4 0 0 19 16 27 0 0 0 0 47 0 0 0 0 0 46 44 0 0 0 0 0 0 0 36 0 0 11 0 0 0 0 47 0 0 0 35 8 39 16 0 0 10 17 0 0 0 0 0 11 0 
31 26 1 0 19 0 6 0 41 30 25 31 0 39 0 0 0 39 48 0 0 0 32 0 0 0 0 25 0 0 45 35 49 2 0 36 0 0 0 0 0 0 32 31 0 22 0 0 24 0 19 7 0 32 0 46 42 11 0 41 1 0 27 1 0 0 36 28 0 43 38 0 33 0 0 30 42 0 32 0 23 0 0 0 0 8 0 23 18 16 16 18 0 0 18 48 0 6 27 0 48 0 0 33 0 0 0 0 0 46 43 46 0 0 0 28 0 0 3 0 6 18 0 0 11 29 0 31 0 0 0 0 0 0 18 0 0 31 43 10 0 38 0 23 3 2 0 27 0 0 0 49 21 27 0 0 8 0 14 0 0 0 30 0 0 47 33 0 0 27 28 5 0 0 27 18 36 29 44 0 32 12 27 5 0 13 0 0 36 0 42 0 5 0 43 0 18 0 3 47 
0 45 47 16 2 0 0 26 21 0 0 0 7 42 0 0 41 43 0 0 39 16 0 0 4 9 25 0 0 30 0 17 0 30 0 0 0 30 0 0 41 0 0 31 19 32 0 6 0 20 0 41 43 24 0 0 0 32 0 3 0 0 0 0 0 0 0 46 39 2 0 32 0 31 14 0 0 0 0 0 0 0 0 6 0 0 17 0 0 0 0 11 0 10 0 0 19 12 0 0 13 9 0 0 40 2 0 0 45 25 0 0 0 0 0 19 0 33 3 10 0 42 20 43 3 0 16 22 0 38 31 33 47 19 0 0 0 46 0 0 0 42 28 7 0 44 0 46 0 0 7 0 0 0 28 0 0 0 48 0 33 0 38 31 48 0 16 0 0 6 39 10 0 18 16 0 13 0 0 41 23 41 27 47 18 6 22 0 1 0 10 0 0 0 15 46 0 0 17 28 
24 0 0 22 4 0 14 0 27 45 0 0 47 3 36 0 0 39 19 26 12 0 0 0 0 0 0 0 0 39 7 37 0 0 4 25 0 47 0 29 0 0 0 0 0 12 0 23 12 10 0 48 8 0 14 5 23 0 21 2 0 0 38 0 0 0 0 42 39 0 22 0 0 28 28 0 39 0 0 3 29 29 0 36 11 16 0 0 10 0 0 47 44 0 19 49 0 16 42 0 22 0 0 25 42 0 0 0 16 41 0 44 0 0 32 32 0 24 0 0 40 0 7 0 28 25 32 47 0 25 4 0 0 24 0 29 0 37 0 0 0 43 0 0 0 0 0 0 40 48 37 0 0 0 0 32 20 45 0 0 0 33 28 9 0 0 0 28 5 0 0 33 44 47 0 0 12 0 0 0 0 39 30 12 34 44 0 5 40 25 19 0 0 0 0 0 0 10 44 0 
0 6 0 0 0 0 0 0 19 43 37 8 24 0 8 0 41 6 1 22 27 0 5 16 48 0 0 30 39 0 0 0 2 0 0 35 28 23 47 30 25 6 20 0 0 5 0 0 0 41 0 0 2 0 0 0 12 43 31 8 0 41 0 18 0 0 0 0 1 0 3 26 3 0 32 23 0 0 37 39 21 24 18 22 0 47 44 34 41 26 41 4 0 0 21 13 39 24 0 40 21 40 17 0 13 48 0 0 28 0 0 0 0 0 0 31 0 0 16 37 0 0 0 12 0 0 24 0 0 9 0 9 0 0 36 0 13 0 0 0 0 0 44 29 39 17 11 35 37 27 24 0 35 16 0 3 0 17 0 0 0 0 29 0 28 0 41 41 0 48 32 0 35 0 0 25 43 0 0 31 0 35 13 19 0 0 0 0 0 0 1 3 47 0 32 0 0 24 0 0 
36 40 0 0 34 0 39 46 0 0 11 0 5 49 47 0 0 0 23 0 9 48 0 34 30 40 45 0 7 0 0 23 0 0 0 25 9 0 19 0 0 0 3 27 14 0 28 0 45 0 0 29 0 0 28 41 0 0 0 5 20 0 28 0 0 37 45 0 0 0 0 15 0 0 0 30 46 21 0 42 0 0 22 0 49 49 0 30 2 0 0 0 4 0 42 0 0 0 0 0 1 0 0 0 46 0 0 43 0 0 0 0 0 0 0 44 6 0 26 0 0 0 32 0 29 25 37 34 11 38 8 11 11 0 28 8 30 0 3 35 0 38 20 0 0 49 8 0 0 33 12 46 0 0 0 0 20 21 9 30 0 0 0 21 0 19 28 46 0 30 0 13 0 0 0 0 0 0 0 0 0 0 5 16 24 41 44 43 0 4 24 20 0 0 40 0 0 19 33 29 
30 0 0 0 8 0 0 0 0 13 0 28 0 19 0 0 42 0 44 0 3 0 0 0 42 18 35 17 37 0 23 0 49 0 41 0 14 0 0 0 4 47 23 0 0 0 40 0 20 0 40 33 38 15 0 10 0 43 0 19 13 0 0 13 45 0 0 11 0 13 26 14 11 49 0 0 0 0 0 0 11 0 0 48 41 0 0 0 0 0 0 0 0 42 4 0 32 36 45 42 48 0 0 0 0 0 0 49 20 0 0 30 2 0 0 0 17 0 0 0 0 0 0 0 0 0 0 34 0 4 27 24 0 33 33 44 25 26 45 44 0 0 26 7 26 0 0 42 40 0 37 31 0 22 0 25 0 0 10 39 0 36 14 0 0 46 0 44 24 0 0 29 0 0 35 10 19 0 0 0 3 0 40 0 0 0 0 24 20 0 0 0 49 0 44 16 0 0 0 48 
3 0 4 48 0 0 22 47 0 10 43 0 38 0 0 0 0 0 26 21 0 18 0 0 0 7 49 0 0 2 0 49 0 0 0 0 16 0 0 25 33 47 28 0 49 0 0 0 28 32 0 0 0 0 0 0 42 0 0 10 16 0 0 0 11 19 0 26 0 0 2 13 0 0 0 0 48 0 28 0 18 8 0 21 2 0 16 0 0 6 4 0 37 24 13 0 42 3 0 0 6 29 38 4 10 0 0 0 0 0 0 48 41 0 0 0 0 35 41 0 0 44 37 28 0 1 26 0 0 0 35 0 0 0 16 0 15 22 0 45 0 0 0 0 43 11 41 47 45 0 0 36 0 0 15 43 0 0 0 28 44 0 39 24 0 0 0 28 27 0 0 0 48 0 0 42 0 0 41 0 48 26 4 23 0 0 18 24 0 0 3 0 14 41 0 26 47 0 0 0 
23 0 34 0 29 42 0 40 35 0 0 2 2 39 0 40 42 0 5 0 4 15 0 24 0 0 2 30 0 0 0 0 0 0 0 24 0 8 38 0 2 0 48 42 30 47 0 0 21 17 0 0 40 0 14 42 21 27 0 0 5 0 48 0 0 8 33 0 0 0 0 0 32 37 10 0 35 28 0 0 44 0 45 0 0 0 24 0 37 0 0 41 37 39 0 41 0 29 0 0 0 39 34 0 27 0 0 0 22 0 0 0 0 11 0 0 21 22 2 9 30 0 49 0 32 0 0 30 0 7 47 28 45 32 0 0 26 0 31 0 45 0 15 0 12 13 0 32 0 4 40 16 0 40 33 0 37 43 0 14 49 9 0 0 0 0 16 18 6 0 0 2 48 35 0 0 47 0 43 0 0 34 0 45 0 36 25 10 0 0 0 27 47 0 0 0 19 0 0 24 
0 0 0 32 7 17 30 12 47 48 0 14 34 43 4 0 0 15 0 43 0 46 0 0 38 9 0 0 4 0 0 41 0 0 0 37 27 0 0 0 0 0 0 13 37 43 9 0 46 0 43 0 30 4 0 0 0 37 0 0 8 0 14 47 14 0 0 40 0 19 0 0 13 10 0 1 5 0 0 0 0 0 31 0 20 42 11 0 0 0 45 38 30 11 36 43 0 0 34 18 0 0 0 0 47 5 0 0 14 0 0 0 38 35 19 0 0 29 6 5 4 3 42 0 13 0 28 12 0 14 0 0 0 0 0 0 0 41 46 0 14 0 0 3 32 3 0 0 0 17 0 39 19 5 24 31 33 3 0 0 16 26 0 0 0 0 0 7 0 7 0 16 0 47 18 39 1 0 0 0 46 11 21 16 0 44 0 0 47 44 34 0 22 2 0 0 11 40 0 13 
0 43 0 22 0 0 0 0 9 0 24 0 11 0 38 0 24 0 0 11 0 0 8 0 0 11 36 0 25 35 25 0 0 24 37 0 0 0 28 0 1 45 43 1 0 0 35 0 1 0 0 0 0 0 19 0 0 0 11 1 6 0 0 0 0 0 0 0 0 0 29 35 4 23 0 29 13 22 0 14 0 36 0 0 0 0 0 0 2 38 0 7 0 0 27 0 16 6 34 0 17 15 33 20 37 20 0 0 0 0 0 21 0 0 0 0 45 26 0 46 0 8 5 0 47 31 0 0 0 35 0 4 49 45 0 38 16 0 39 8 23 0 28 0 47 27 15 43 0 25 0 0 0 44 0 31 0 0 0 14 0 5 17 0 49 0 32 17 17 0 24 0 0 4 0 20 0 17 14 0 41 1 0 25 0 0 0 22 20 0 35 0 3 0 0 3 0 43 19 11 
0 0 0 38 21 0 0 4 0 0 42 19 49 43 34 0 30 0 48 0 0 0 9 0 0 0 0 0 0 28 9 14 16 0 27 0 0 0 0 0 37 0 4 8 0 21 21 0 13 0 0 37 0 26 43 43 0 41 0 0 0 0 0 0 26 0 0 0 31 0 42 19 11 46 26 41 18 0 4 30 0 21 0 0 0 9 33 47 2 0 0 0 41 34 45 18 1 13 6 0 26 48 1 37 45 0 0 0 0 32 0 45 4 9 0 2 0 19 0 0 0 0 0 0 46 11 0 47 23 46 0 0 0 0 0 0 11 17 0 0 48 0 0 4 0 0 0 22 38 0 0 16 16 0 39 0 0 0 0 42 24 40 0 0 0 0 0 36 0 0 21 0 3 2 0 0 21 0 0 0 0 0 0 0 0 0 0 0 41 2 0 17 0 0 0 0 0 0 1 0 
0 0 0 41 0 0 44 0 0 35 22 0 0 0 43 4 45 22 2 25 0 0 0 22 0 30 0 30 47 23 0 0 0 8 0 0 0 0 3 0 5 5 26 4 0 46 10 0 3 0 0 28 2 0 42 44 0 0 46 0 0 39 49 35 0 0 0 9 0 0 0 0 38 7 30 0 4 40 36 0 0 0 0 16 26 27 0 4 0 5 23 11 43 0 0 0 0 28 6 0 9 39 29 46 0 10 0 0 49 30 0 0 0 0 0 0 0 0 0 34 0 0 0 0 0 45 38 0 0 0 35 0 33 15 0 29 24 24 0 25 5 0 0 0 0 18 25 0 8 0 43 0 4 0 41 1 36 0 0 7 0 0 39 0 0 0 37 0 0 0 0 0 0 20 23 0 0 48 4 0 0 0 1 0 0 0 31 24 0 0 0 0 30 20 1 11 0 0 0 29 
0 8 0 0 9 0 0 26 4 0 12 30 0 0 49 0 0 17 0 10 12 0 0 5 25 15 0 0 0 47 19 0 0 38 0 28 0 3 0 0 0 24 16 18 0 0 6 0 0 0 0 0 6 3 0 0 0 26 19 49 7 0 0 0 0 40 17 0 0 46 0 0 21 0 25 18 0 0 15 0 0 39 18 0 0 20 42 0 0 0 26 3 0 0 33 37 0 0 41 5 0 3 0 15 32 37 0 22 0 0 29 0 0 0 2 0 0 0 0 0 0 36 20 27 0 0 16 37 0 8 41 47 0 0 13 45 0 0 19 11 46 47 20 34 0 21 0 0 0 23 30 20 10 49 0 0 0 0 0 5 0 29 3 0 33 16 31 0 0 49 0 0 47 2 46 43 0 11 8 40 0 37 11 0 37 0 47 40 25 0 44 49 0 0 35 0 14 17 0 29 
12 0 26 31 35 0 0 43 0 0 0 36 1 0 0 0 0 0 9 30 0 25 7 0 0 39 0 0 29 30 0 0 25 0 0 0 0 0 0 0 0 7 0 11 8 35 6 34 45 13 0 0 1 36 0 0 0 0 28 0 0 24 21 27 0 7 26 0 23 0 0 39 0 7 1 15 0 6 48 0 0 0 0 22 8 47 10 0 21 0 26 33 0 0 0 38 0 0 0 30 34 0 0 41 0 21 0 0 26 3 34 48 27 4 0 34 3 31 40 0 20 18 8 36 15 0 0 23 3 0 0 0 0 0 29 0 0 36 36 0 39 0 16 0 0 37 0 27 0 42 1 38 0 8 0 26 26 45 48 29 44 0 17 36 22 0 0 13 33 15 0 23 35 49 39 0 0 41 0 3 0 0 40 0 45 12 18 0 8 17 0 3 0 0 0 41 15 0 0 47 
43 5 0 0 0 18 25 17 43 43 11 0 0 0 1 33 34 0 0 0 2 8 29 19 19 0 0 41 0 25 0 4 33 2 0 1 37 5 0 0 0 35 0 21 0 0 0 28 24 0 0 26 34 49 0 27 0 0 0 0 0 0 14 39 32 0 29 0 46 0 0 45 31 15 0 0 0 0 30 0 28 0 0 13 0 19 0 0 48 0 2 0 0 15 22 34 46 0 0 44 46 0 0 28 0 0 31 5 0 12 33 0 5 0 0 0 5 0 37 4 0 0 0 2 0 9 0 0 10 0 0 8 0 0 0 0 0 17 40 19 29 0 0 0 0 48 35 15 0 24 0 12 0 0 0 22 17 3 28 27 0 0 0 29 13 0 12 1 41 3 0 21 0 48 5 0 47 0 0 7 0 22 0 32 30 34 5 47 36 33 25 0 9 10 12 22 33 0 0 0 
30 49 0 26 0 0 0 40 33 0 0 32 0 36 0 28 17 25 5 0 28 0 0 23 46 0 0 0 0 6 0 47 47 0 0 45 0 5 24 7 35 0 0 44 0 4 43 0 0 0 41 0 0 7 13 16 0 42 49 0 40 36 0 16 20 0 0 0 0 10 0 0 0 0 28 27 0 23 0 0 11 16 0 0 0 33 0 0 27 0 8 18 9 0 34 0 24 0 15 0 0 0 0 5 10 46 31 0 0 6 29 0 0 49 0 46 0 0 0 0 0 0 0 46 0 10 25 0 0 39 0 0 0 0 0 0 0 0 22 0 37 0 22 9 0 9 6 31 0 0 0 0 32 0 0 0 28 0 10 0 0 18 0 0 0 46 1 17 26 22 8 14 23 30 0 21 38 0 3 0 0 0 0 28 0 0 0 38 0 0 0 3 41 0 0 33 30 0 1 7 
0 12 0 0 0 0 0 0 35 2 0 44 9 0 17 31 11 7 0 0 7 34 0 0 10 0 32 0 0 20 3 23 28 48 0 43 4 26 16 0 0 0 0 0 8 0 0 37 47 49 0 0 0 32 0 0 0 1 6 6 15 43 43 37 0 45 0 19 25 0 1 0 0 7 12 0 31 40 0 0 0 31 0 0 15 28 39 0 0 44 17 47 0 0 0 21 4 12 39 0 0 39 0 0 0 1 5 28 0 0 5 32 0 11 0 0 0 13 17 0 0 0 16 0 45 0 14 0 0 4 32 33 43 21 0 0 0 0 19 17 34 0 48 0 37 23 34 27 35 2 0 43 0 0 0 0 14 1 35 0 0 18 0 0 39 28 41 0 0 0 0 0 0 0 0 23 1 46 49 0 48 0 0 0 0 0 21 24 20 7 0 0 24 9 25 14 0 0 0 39 
22 23 0 17 0 16 0 45 8 39 3 13 0 25 47 0 0 0 0 0 19 0 0 0 19 29 31 31 0 0 27 0 0 42 13 1 8 4 18 11 21 44 0 0 0 7 24 14 0 36 36 37 0 36 0 0 32 0 18 42 24 38 0 0 0 0 0 20 23 47 33 10 0 0 49 40 0 24 0 4 0 41 41 40 0 0 20 7 23 38 49 0 27 0 45 23 28 14 0 3 12 26 12 0 39 12 14 0 35 19 13 0 11 5 0 0 0 0 45 47 0 45 44 0 10 40 46 0 0 39 0 0 17 0 0 0 0 5 0 1 0 0 46 0 0 30 23 0 0 0 0 31 0 0 0 0 33 0 12 38 39 3 0 7 9 46 13 0 2 0 26 29 3 0 0 0 1 0 0 38 5 36 0 0 0 23 0 0 0 2 0 0 0 9 0 0 6 0 0 0 
20 29 0 17 16 7 0 0 11 0 0 8 0 7 0 0 0 42 0 28 43 9 0 0 26 0 0 19 0 0 14 0 49 30 37 0 0 0 0 8 0 0 8 0 0 9 15 40 0 0 4 46 37 0 0 0 47 0 0 14 0 0 0 0 0 0 24 0 0 0 0 0 42 13 0 1 21 0 40 0 17 0 0 6 0 17 0 32 0 26 0 0 46 0 0 39 0 0 0 0 0 0 0 8 0 0 0 0 1 0 0 17 45 28 0 0 44 0 0 32 30 13 23 0 0 0 14 0 17 9 46 35 35 48 0 0 16 0 32 16 0 0 0 0 5 0 32 48 0 0 31 0 0 5 18 23 39 31 47 0 0 44 41 0 0 34 0 6 38 34 0 0 11 9 42 0 18 26 0 31 0 0 0 33 1 0 7 0 0 0 0 0 0 37 0 0 0 45 45 7 
0 0 30 3 0 0 33 31 35 14 48 0 0 0 38 38 28 21 33 21 0 0 0 0 0 0 22 32 12 5 0 0 0 47 43 0 21 46 0 35 0 4 0 7 9 0 30 0 0 40 29 44 6 46 0 0 29 0 19 2 25 0 0 31 0 19 0 0 35 32 0 29 18 17 0 14 0 0 35 0 0 0 0 0 0 0 0 0 0 43 0 9 14 35 39 28 5 0 38 39 5 0 0 0 0 0 40 27 46 0 0 0 37 26 0 0 17 0 37 0 0 0 8 24 12 0 0 16 0 40 7 29 23 0 0 27 17 0 0 0 0 7 4 4 32 0 0 48 10 40 0 0 17 7 0 0 0 0 48 0 0 0 8 0 0 0 0 0 0 0 9 0 0 12 30 0 6 0 0 0 0 0 34 0 32 0 20 0 19 0 0 0 0 0 10 0 0 0 0 0 
38 44 37 32 0 0 0 0 0 0 17 14 0 0 22 5 0 26 0 25 0 18 46 20 24 19 0 0 0 0 28 40 0 0 9 35 21 10 6 6 0 43 0 24 15 30 0 0 7 0 25 19 0 0 0 31 28 43 2 2 28 41 0 0 0 0 24 0 40 0 0 0 0 0 6 31 0 1 0 0 0 39 30 0 0 0 0 19 0 0 0 0 0 0 0 4 0 7 0 0 0 34 0 21 0 0 3 0 47 0 0 0 2 33 36 45 0 37 0 40 0 0 0 31 0 0 34 0 11 16 0 46 1 0 18 41 29 20 34 0 35 37 42 0 0 29 33 11 0 47 2 5 32 0 35 0 0 20 48 0 35 0 0 0 0 0 28 5 19 13 31 5 1 0 0 0 0 0 32 18 23 34 22 6 0 8 0 31 27 0 0 13 0 0 0 0 1 0 8 19 
0 47 0 40 0 0 11 0 0 0 0 0 29 14 0 34 0 0 48 10 48 0 12 0 22 31 0 6 23 0 0 0 0 0 0 0 0 0 0 34 28 0 37 14 40 0 0 0 43 39 0 43 0 0 0 15 44 0 0 0 0 0 24 37 0 5 19 44 0 0 0 12 0 8 15 0 38 23 0 0 13 31 22 0 0 38 41 0 0 25 12 0 0 0 0 0 0 0 43 29 9 0 40 47 0 0 0 0 29 0 0 41 24 48 0 25 37 7 18 22 32 0 40 0 0 0 0 11 17 7 0 0 0 30 0 0 36 0 0 16 0 0 0 28 0 0 0 23 0 22 44 0 0 35 29 0 0 0 35 0 0 25 24 0 7 0 27 42 11 0 0 15 26 0 42 12 39 45 34 19 0 29 34 0 0 0 44 0 6 0 0 8 3 0 0 0 16 46 3 0 
25 0 15 0 0 0 0 14 16 23 0 14 0 36 4 0 1 0 3 0 0 0 22 0 42 0 24 0 12 0 45 20 28 21 46 1 13 3 0 45 24 0 47 0 0 0 7 43 0 0 12 0 10 0 0 0 0 29 6 36 47 0 0 18 2 30 13 0 0 43 37 0 0 0 14 0 0 0 0 45 43 23 36 4 0 0 0 16 1 34 0 47 20 20 16 0 2 0 0 0 23 0 34 20 9 47 0 0 5 0 0 0 11 0 0 0 32 31 0 32 0 28 30 36 0 0 8 0 0 28 0 0 0 21 0 0 0 0 19 24 0 0 0 48 0 29 0 33 11 0 16 26 16 0 0 0 0 21 0 21 48 0 18 0 25 39 25 44 36 43 20 21 0 0 20 0 0 0 19 0 0 34 9 35 31 22 1 23 42 0 0 41 0 0 0 0 3 0 0 38 
16 41 22 5 7 0 31 0 0 0 40 29 0 48 0 0 41 0 0 0 24 0 1 19 40 44 0 20 10 41 0 0 32 17 0 0 0 0 0 13 0 0 49 36 0 40 0 39 0 0 0 9 10 0 2 0 0 27 0 0 10 0 0 0 15 0 0 0 0 0 0 0 0 0 28 0 0 0 0 0 19 0 0 0 0 48 0 0 0 21 0 0 0 23 5 0 0 0 0 38 31 0 0 6 0 33 7 0 15 6 7 0 0 2 0 13 1 25 0 0 0 1 9 48 0 13 0 44 0 49 33 42 0 38 0 38 0 6 0 0 11 0 0 0 18 0 0 18 9 13 44 0 14 0 0 0 17 22 31 28 22 16 21 0 0 20 0 23 25 36 0 0 0 28 44 17 12 0 0 0 0 30 29 0 34 37 0 3 0 0 0 32 0 3 0 28 22 0 0 0 
0 23 0 39 11 0 34 20 0 0 0 0 0 0 22 0 0 32 44 0 4 29 0 16 0 0 19 0 0 0 0 40 0 0 43 0 0 0 0 0 0 41 0 36 4 29 25 0 12 0 0 0 0 0 37 0 27 6 0 0 0 0 20 21 0 10 7 0 40 9 2 0 0 33 0 0 0 0 0 6 0 0 43 17 45 32 0 23 37 7 0 28 34 0 0 0 47 0 0 0 0 0 0 8 0 11 0 24 16 16 0 0 0 0 40 0 7 0 0 43 0 13 22 0 0 0 28 0 31 9 0 48 44 17 0 11 0 6 0 0 21 0 17 49 0 8 22 0 0 0 0 8 0 0 46 31 39 0 26 21 0 0 20 0 0 0 39 4 32 24 0 4 42 18 0 34 26 0 33 0 43 0 39 24 43 0 7 33 9 32 5 43 42 24 19 15 0 0 0 33 
14 12 5 0 17 38 0 0 25 0 18 0 19 0 43 18 0 29 27 0 0 16 46 28 4 0 7 41 48 0 29 33 0 0 0 0 37 28 0 0 26 0 0 37 46 44 19 43 0 9 0 0 0 20 36 0 0 0 8 0 0 0 45 0 0 35 0 0 19 36 46 27 0 0 21 9 26 40 0 0 0 0 0 29 0 0 0 0 0 0 22 0 5 19 48 24 0 0 0 23 13 31 2 0 33 22 40 0 0 0 0 9 0 43 0 31 38 44 0 0 0 0 0 13 0 12 36 31 0 0 5 2 0 6 33 0 28 25 45 40 0 0 49 0 0 0 0 12 0 21 34 41 0 0 0 10 0 40 0 0 13 0 3 0 2 36 0 0 12 0 21 2 0 21 0 0 10 0 19 0 0 0 0 0 0 0 0 0 29 46 13 41 42 0 8 0 0 14 0 0 
27 11 29 19 25 38 0 0 0 0 7 0 0 45 44 0 0 0 0 0 0 0 27 0 0 0 0 43 8 2 0 38 0 40 30 0 0 2 6 1 34 0 0 0 37 6 0 0 10 10 0 0 0 16 48 0 0 20 0 0 29 12 0 0 0 24 11 17 25 0 0 0 0 16 0 21 10 18 0 0 24 46 0 0 0 32 0 0 0 0 11 32 0 34 0 11 9 20 27 34 0 49 0 0 17 24 24 26 0 0 0 16 1 0 0 14 48 0 24 0 37 0 34 0 20 0 0 29 9 0 14 32 0 0 0 0 0 5 6 5 12 39 21 13 0 28 0 3 0 2 0 24 0 0 0 7 28 36 0 0 0 0 19 17 37 0 0 0 9 0 2 21 0 0 0 0 1 0 3 40 0 7 0 0 45 13 9 24 48 0 0 0 0 34 0 31 0 0 0 0 
0 6 28 22 10 0 0 0 0 0 0 11 24 11 0 0 39 0 0 39 19 23 27 0 10 5 32 24 0 0 0 15 0 0 4 0 26 0 3 36 49 7 32 36 0 46 0 0 0 0 0 20 16 0 0 33 14 15 0 0 14 10 12 0 49 0 0 11 0 0 0 0 46 22 30 8 0 0 41 40 7 0 0 38 0 25 0 37 39 0 0 5 0 0 0 36 23 0 0 0 0 0 33 0 45 0 25 0 0 0 9 0 43 16 0 0 0 6 2 0 0 0 0 0 37 0 0 0 0 0 9 0 0 0 40 23 0 16 0 0 0 0 0 0 20 29 40 12 35 0 46 18 0 33 41 0 0 0 28 0 5 37 0 34 30 0 8 37 0 0 33 12 3 0 38 0 6 0 37 0 22 0 9 0 14 49 22 0 47 0 6 3 38 30 36 19 0 44 7 26 
0 2 0 0 40 29 0 33 0 0 2 0 46 3 0 39 32 0 0 0 0 0 5 45 0 28 0 0 14 0 28 0 0 14 0 19 43 42 0 0 0 13 0 0 0 0 0 0 0 2 37 36 48 0 0 0 0 0 48 0 27 21 25 0 0 16 28 0 0 0 0 25 3 12 23 0 17 0 41 46 12 0 0 7 17 0 1 7 9 0 26 0 21 0 0 29 17 21 0 45 2 27 0 4 0 43 7 0 0 0 0 0 9 46 41 25 0 41 31 27 40 0 13 12 0 6 0 27 0 0 0 0 41 0 35 30 33 41 0 3 39 42 36 0 39 0 23 0 0 0 0 0 0 47 0 0 0 15 0 31 30 0 0 0 0 0 0 41 0 38 0 0 0 30 0 0 0 0 26 25 2 8 0 0 6 7 33 10 0 0 0 2 47 0 0 0 48 23 0 35 
0 0 49 0 1 0 0 0 17 24 12 42 15 0 11 1 0 0 38 33 27 31 0 0 24 28 46 0 5 0 41 10 0 42 0 0 43 44 0 0 27 16 0 0 0 0 31 15 0 0 0 0 0 33 0 0 0 0 12 39 0 39 0 27 36 0 4 38 44 0 0 49 45 36 0 18 16 0 19 0 0 42 16 0 0 0 0 24 0 0 14 19 0 0 0 0 9 1 15 0 39 18 0 0 0 0 0 0 12 0 0 18 0 48 0 28 9 11 3 10 0 0 0 5 40 0 34 0 30 1 0 0 18 0 3 23 16 0 42 0 0 23 0 42 22 0 21 0 0 24 44 0 0 24 47 0 0 0 0 0 0 0 2 0 39 4 0 0 11 14 33 0 0 28 29 0 0 49 43 23 24 0 13 15 0 0 49 15 40 30 48 0 14 49 21 0 5 0 0 15 
0 31 0 13 0 0 0 0 0 4 0 0 0 33 0 8 0 14 0 26 0 0 0 39 0 3 42 0 23 12 0 0 42 21 0 0 0 0 0 0 0 0 0 32 47 29 28 44 0 0 27 0 0 14 0 0 0 6 0 2 0 0 0 0 15 0 48 37 6 0 1 0 47 0 20 0 0 49 0 22 15 9 43 18 13 0 0 0 0 16 0 36 37 13 40 0 0 39 39 0 24 39 23 0 0 42 0 0 42 43 27 8 0 21 26 16 7 0 0 0 0 26 0 4 39 0 0 33 15 44 0 38 34 6 8 36 0 0 0 0 33 15 0 36 0 25 4 0 0 0 42 43 0 26 0 13 1 3 45 15 46 0 5 32 37 12 0 35 0 0 27 39 21 0 26 7 2 29 0 29 0 0 24 0 0 21 0 0 24 0 36 21 41 0 0 0 0 19 0 9 
0 0 3 0 10 0 0 0 44 1 0 0 0 41 0 48 0 0 0 0 47 0 36 35 0 0 11 32 0 43 0 43 0 27 37 0 41 0 26 0 0 42 1 0 0 0 43 0 29 27 6 0 20 15 0 0 6 0 25 42 0 0 19 25 0 0 0 7 1 31 0 24 0 19 0 0 40 0 0 27 0 0 19 0 0 0 0 45 34 0 0 33 39 0 9 0 29 13 0 0 43 2 0 0 20 0 28 11 22 0 37 0 39 0 11 20 0 0 17 0 17 0 0 0 11 0 0 0 0 0 0 0 0 26 0 24 29 20 34 2 7 22 18 0 29 28 0 8 0 0 0 0 0 22 0 1 0 29 0 1 0 14 0 0 0 9 0 20 29 44 21 0 0 0 0 0 17 3 1 0 39 25 0 29 0 23 30 0 0 0 29 0 38 45 0 29 0 0 0 0 
0 6 0 0 0 0 40 0 38 21 0 0 0 0 0 0 0 0 30 0 0 46 32 20 0 37 0 0 21 31 0 0 0 0 0 11 0 46 19 28 0 49 6 18 0 19 2 0 6 0 0 8 0 0 48 12 0 25 0 18 0 0 0 0 2 0 0 0 27 1 0 3 46 24 1 20 0 30 0 0 0 3 14 3 0 0 0 0 0 0 10 0 8 0 0 0 18 0 17 44 7 12 46 5 35 0 24 39 28 0 0 0 48 32 39 15 26 46 0 0 34 0 0 0 0 0 0 0 0 22 0 31 33 0 35 19 0 0 9 0 4 0 31 0 7 0 17 0 15 0 0 0 44 43 0 0 0 0 0 33 19 6 0 4 0 0 22 0 8 31 38 11 0 0 13 0 37 30 47 3 0 0 0 0 48 46 6 8 0 0 0 0 0 0 0 18 3 42 10 10 
0 21 0 0 0 0 0 36 0 1 0 0 8 0 0 0 20 0 0 0 6 0 7 0 12 20 41 3 2 8 5 19 10 0 0 1 0 0 49 0 0 0 6 42 14 2 2 0 36 0 0 0 0 0 0 39 2 42 18 0 24 48 0 0 0 37 0 0 0 41 0 0 46 11 25 0 8 30 0 0 0 43 20 0 0 0 30 0 29 0 12 5 0 36 0 0 0 0 12 0 0 20 0 17 0 0 0 0 0 12 44 35 0 15 47 1 2 0 0 0 19 0 0 9 0 0 18 21 1 29 0 0 0 22 40 0 0 0 23 25 11 18 0 0 32 5 0 0 32 0 0 0 0 4 0 30 25 0 0 25 0 0 48 8 0 0 0 0 0 0 17 0 32 27 11 15 31 0 0 0 0 16 12 0 19 23 2 0 0 3 20 6 0 0 0 0 0 5 0 0 
0 37 0 37 15 42 43 0 0 43 0 0 0 0 0 0 20 17 0 0 25 0 41 3 0 37 1 0 0 0 20 13 16 5 8 6 0 0 7 0 0 40 15 24 0 25 28 0 47 10 0 0 29 14 27 0 0 0 0 24 0 0 6 39 0 32 0 0 14 0 14 27 0 29 0 40 0 13 0 47 14 0 0 0 10 0 35 7 39 39 0 0 0 0 20 6 36 0 0 1 0 34 27 15 15 0 0 0 0 0 12 47 0 0 17 1 0 0 0 0 42 6 0 0 10 4 4 45 25 25 0 20 0 0 35 24 44 40 0 0 38 0 23 0 29 0 34 42 42 0 0 36 0 0 34 7 32 0 4 0 13 0 28 23 27 14 46 0 0 35 47 42 0 21 23 14 11 0 0 5 0 47 40 0 0 0 0 7 0 0 14 26 9 41 0 36 0 45 0 0 
6 45 44 5 39 0 31 0 3 0 0 0 30 0 18 0 0 33 5 0 0 0 21 5 0 28 0 0 0 41 0 0 0 0 0 0 0 39 0 24 0 36 43 38 0 0 41 0 0 0 0 0 12 10 21 39 0 0 0 48 0 0 31 4 0 17 24 0 30 0 0 0 0 0 0 29 27 10 0 0 0 0 0 0 0 0 0 0 38 0 0 0 37 17 0 0 33 25 14 0 10 47 0 0 26 33 0 4 42 33 0 9 0 26 41 40 0 0 0 13 45 0 0 33 0 8 0 0 32 0 0 0 33 0 0 10 9 0 0 2 0 1 10 5 27 3 44 0 0 24 19 0 42 0 0 23 0 21 41 0 7 20 0 0 48 5 0 9 29 17 10 0 17 0 0 0 0 0 49 0 0 0 0 1 43 5 0 0 25 15 0 0 34 0 26 34 0 0 42 44 
26 27 40 0 0 0 0 8 0 13 0 0 12 5 0 0 13 0 13 0 0 42 0 0 0 37 27 0 38 0 28 0 0 48 14 0 0 49 0 21 14 0 43 0 0 0 0 24 0 0 20 45 0 12 25 0 0 19 0 0 6 31 0 46 0 27 14 22 0 9 47 3 9 0 0 0 48 0 0 4 36 0 28 0 0 11 36 8 0 0 23 0 0 0 0 13 45 0 0 0 36 0 0 44 0 26 0 0 0 0 0 0 0 5 0 39 0 0 46 0 0 21 0 46 0 0 0 0 14 0 45 0 0 9 45 0 0 0 0 25 0 0 0 46 14 27 36 33 0 0 40 0 0 0 20 39 0 30 0 0 0 16 0 0 0 0 0 0 27 42 39 0 0 0 0 0 16 15 0 0 48 36 32 0 0 4 0 1 0 0 16 13 29 32 0 0 0 0 0 19 
0 23 3 0 27 0 16 42 0 5 0 37 0 0 29 0 47 0 0 0 0 0 0 0 0 0 1 0 0 18 0 13 0 0 47 0 0 35 0 27 39 16 37 0 0 31 0 37 18 0 21 0 0 0 0 27 0 25 0 0 39 4 46 0 0 10 0 24 0 0 0 14 0 35 24 0 23 7 0 0 10 0 0 46 5 42 0 33 0 0 42 0 9 12 36 0 21 41 5 19 25 44 0 0 30 8 0 0 14 0 0 0 0 3 0 23 44 0 7 16 11 48 33 20 0 20 0 0 0 10 0 0 5 35 0 34 0 0 38 0 12 14 0 30 16 0 0 0 0 0 27 3 6 0 0 0 0 27 0 0 36 47 0 0 33 0 25 26 20 0 36 31 28 22 13 43 32 0 0 24 22 0 0 0 0 0 44 19 30 40 7 17 38 30 8 0 13 0 47 0 
28 0 29 8 0 12 0 38 0 8 35 9 31 0 25 0 0 0 9 48 28 0 24 29 0 0 0 0 0 0 0 45 11 0 14 0 26 0 0 0 32 20 0 0 0 0 0 0 2 15 0 0 0 49 0 36 15 0 2 0 0 0 0 0 0 0 0 0 25 0 0 19 39 42 0 0 15 3 0 0 44 0 0 0 23 0 0 0 19 0 0 40 0 34 0 45 31 21 0 0 28 40 0 0 33 0 0 47 0 21 41 0 15 0 8 0 0 0 0 32 25 29 0 38 0 10 0 44 0 43 0 9 34 23 26 0 19 4 13 21 0 5 15 0 38 23 31 0 0 10 31 26 0 2 0 4 0 0 47 44 0 0 0 24 19 0 41 0 32 5 0 7 0 28 49 0 2 0 0 0 40 0 28 0 32 0 0 0 37 0 37 26 31 0 1 49 16 42 0 0 
37 9 4 0 48 0 16 0 0 0 34 0 45 47 18 0 18 1 48 0 38 39 1 0 43 45 0 0 0 0 37 0 19 8 0 0 0 0 40 7 0 0 45 0 0 19 0 5 30 0 10 35 24 0 16 0 0 0 0 37 32 17 27 10 0 0 0 49 0 0 0 0 0 29 35 4 0 26 0 0 7 13 0 42 6 35 24 42 13 0 0 0 0 48 0 0 0 0 0 7 14 22 0 21 0 0 25 0 0 6 39 0 19 37 23 0 24 0 18 36 4 0 0 9 0 0 3 47 13 0 0 0 0 16 0 20 0 22 1 0 0 39 0 0 27 46 25 0 43 0 0 0 44 37 7 0 0 9 0 0 0 44 35 26 11 32 0 27 6 0 17 0 0 40 34 0 0 0 0 0 0 0 0 47 40 35 39 0 0 29 42 3 24 28 0 34 0 0 12 17 
6 17 1 0 24 18 0 0 21 0 37 5 0 40 0 0 0 0 0 33 26 0 17 0 0 5 36 0 0 0 45 0 0 33 0 0 0 0 17 26 29 0 0 0 24 0 24 19 13 0 7 0 11 0 28 4 48 0 0 0 0 24 14 0 0 0 0 27 29 1 0 20 0 31 5 43 0 36 46 2 0 0 0 0 0 0 45 0 19 48 0 47 28 0 0 5 35 26 0 15 0 48 35 0 30 0 0 0 26 3 0 41 46 0 0 0 2 36 42 21 35 0 19 14 0 0 0 37 0 0 0 30 0 0 0 0 0 0 0 0 2 0 45 0 0 35 0 0 22 0 37 8 0 0 21 0 0 0 0 34 41 38 15 0 23 6 0 49 6 0 0 0 0 0 10 0 0 40 3 0 11 40 0 0 46 0 0 0 0 0 0 0 0 0 9 0 37 0 0 0 
47 0 0 45 0 0 0 41 42 26 28 27 0 0 0 3 0 15 0 0 0 17 33 24 6 0 28 46 42 0 0 11 26 0 40 0 0 9 0 0 0 0 19 20 0 0 0 44 0 0 0 0 17 11 0 38 37 7 0 0 0 0 22 24 0 49 27 0 12 15 5 0 0 14 0 45 6 0 1 16 0 17 28 8 1 0 39 26 0 3 44 33 34 0 0 0 0 8 16 0 0 20 28 36 0 0 33 0 0 0 0 0 1 38 0 0 28 0 31 21 0 0 0 0 0 0 35 13 0 3 0 31 22 0 19 0 0 3 1 0 0 0 0 0 0 17 0 0 0 22 47 25 48 0 0 0 1 0 0 0 0 47 40 0 32 10 10 0 12 10 0 0 20 41 38 0 9 29 0 2 3 40 0 0 0 0 26 43 42 0 0 19 13 0 0 0 0 30 0 0 
30 0 48 0 32 0 12 0 0 0 7 0 38 0 0 0 0 0 0 35 0 25 15 23 0 0 0 39 39 1 0 0 0 0 0 0 31 0 0 23 46 0 25 23 0 35 40 0 0 0 40 19 25 0 0 44 6 1 27 0 14 30 0 0 25 0 29 12 0 0 21 14 11 13 0 0 0 32 0 27 34 0 5 35 4 0 12 46 0 0 0 34 42 40 0 0 0 0 48 0 0 20 0 37 0 0 0 0 2 0 0 0 0 0 0 0 10 37 0 25 0 47 10 8 38 0 48 29 0 0 36 25 15 4 0 0 26 27 8 0 14 0 18 15 31 0 0 0 27 0 17 0 16 0 0 0 41 0 34 39 45 0 15 11 24 0 9 0 0 0 29 0 0 0 34 41 0 1 32 0 22 0 10 37 0 0 42 0 10 28 0 0 0 0 0 20 0 26 21 3 
14 25 39 12 33 0 35 2 25 18 0 34 27 0 0 48 29 2 9 42 37 40 0 40 0 20 43 2 0 0 0 13 0 0 19 0 0 0 46 0 0 10 0 47 0 32 0 0 43 0 9 36 0 0 0 0 0 31 1 41 0 0 9 0 0 0 1 15 0 0 0 1 22 3 0 0 43 38 7 27 3 0 0 12 16 0 24 10 25 0 37 0 0 0 11 0 0 0 33 0 15 0 27 0 32 25 0 0 0 0 0 16 31 30 28 0 0 3 0 0 0 48 0 0 31 7 0 0 19 0 12 33 45 39 0 0 0 0 2 0 0 0 0 0 0 0 0 18 24 9 29 11 0 25 40 0 0 24 24 1 44 0 0 0 25 0 16 39 0 0 14 44 21 0 0 0 0 45 24 2 0 0 0 0 28 3 0 10 0 22 10 21 8 0 0 0 3 0 23 0 
0 38 0 28 23 13 34 0 29 0 0 15 0 0 0 32 0 0 0 22 16 0 0 0 34 0 38 0 22 3 0 26 2 0 0 29 42 0 0 0 0 0 1 33 0 0 0 0 37 0 2 46 0 0 0 0 1 0 0 0 14 0 47 0 0 0 0 5 21 0 0 43 0 0 16 0 0 22 26 0 45 27 15 0 0 27 0 44 25 0 21 0 47 0 0 0 0 42 0 0 16 24 0 0 0 0 0 13 0 0 0 6 0 42 0 0 20 28 41 45 0 14 42 11 6 0 3 10 0 0 0 8 0 0 0 0 2 0 31 0 0 0 0 0 0 0 0 0 0 0 0 0 6 8 0 0 0 28 0 0 24 13 0 0 0 0 14 0 37 0 37 32 5 0 35 0 27 34 0 0 26 42 0 0 49 18 0 7 45 22 8 21 34 0 0 7 34 0 33 23 
25 0 0 0 0 1 0 1 36 37 17 0 0 44 0 45 0 39 37 4 0 0 43 0 8 23 0 32 0 26 15 14 13 0 0 35 19 0 0 39 45 0 0 10 0 29 0 12 0 0 0 27 0 0 25 49 0 24 3 0 27 0 3 14 19 0 20 0 14 1 43 0 28 0 6 33 0 40 39 2 26 15 32 0 9 24 0 0 42 0 15 0 4 22 6 37 37 25 0 23 0 27 45 0 47 0 0 22 42 7 0 0 0 6 0 0 30 6 0 23 0 0 0 43 30 18 31 0 42 25 41 0 3 0 0 49 0 0 22 0 9 0 45 0 0 0 15 0 0 5 0 11 0 17 5 0 34 36 8 0 0 48 0 15 32 7 0 0 9 37 48 18 33 45 0 38 0 0 0 0 0 29 46 0 45 0 0 0 0 0 5 0 0 0 11 0 36 26 31 44 
0 25 36 37 0 7 23 0 9 0 0 0 29 0 0 27 0 0 0 17 16 0 8 0 19 0 33 0 0 3 0 11 0 32 13 4 11 38 21 0 31 0 0 0 42 18 0 0 0 0 0 0 0 46 3 45 47 0 46 46 0 0 9 0 39 0 0 0 11 22 0 28 0 0 30 13 46 26 0 0 39 0 7 23 0 36 0 0 0 0 5 10 0 0 14 4 13 42 14 0 0 0 4 21 4 0 33 1 0 48 0 1 28 0 23 29 0 43 11 0 12 16 18 19 0 31 22 0 0 0 35 49 0 0 21 0 0 0 0 37 1 17 37 28 0 12 0 0 6 19 43 0 34 12 0 0 42 8 0 0 47 32 13 24 21 33 0 47 38 0 35 38 0 24 17 0 35 25 0 0 44 0 0 0 6 47 12 0 6 9 0 0 0 28 27 12 12 35 11 49 
0 1 35 0 0 39 0 10 0 0 40 0 0 0 10 0 0 38 0 0 22 0 0 26 0 41 0 31 28 0 0 49 0 37 10 23 46 7 0 7 15 0 7 0 13 17 0 8 0 0 33 0 16 22 12 36 0 19 24 11 29 0 0 35 42 29 31 14 13 3 0 0 0 0 23 45 38 32 0 0 0 0 31 0 45 0 0 5 3 0 3 0 0 8 0 0 12 17 0 38 0 0 24 0 4 0 35 0 30 0 0 27 0 30 0 5 0 23 0 0 0 0 0 0 0 1 41 33 17 0 23 0 40 46 0 0 44 0 40 0 0 39 0 39 0 0 43 0 0 0 0 0 17 0 0 39 0 43 0 0 0 45 24 0 0 11 0 0 36 0 11 15 0 0 5 14 39 0 0 38 0 0 0 0 0 0 0 42 7 0 0 37 28 0 6 0 0 22 0 0 
46 37 40 19 0 0 0 0 43 27 0 0 42 20 0 12 0 0 0 39 0 0 0 46 0 0 0 14 28 32 0 0 0 10 0 0 26 30 25 1 0 28 12 49 0 0 6 15 14 28 0 21 0 30 23 0 20 0 1 25 0 0 0 24 0 35 5 0 0 0 16 6 30 23 0 0 17 0 0 0 0 36 0 0 24 0 13 49 20 35 32 37 47 0 0 29 0 32 8 0 37 0 40 10 0 29 0 0 36 8 29 0 43 0 0 18 5 18 0 0 4 49 12 0 0 7 0 0 38 0 4 26 14 43 36 0 23 0 49 0 32 29 0 0 25 0 44 0 26 0 0 29 10 0 0 35 0 0 1 0 0 4 0 0 0 0 0 20 48 0 29 0 0 32 5 0 41 0 39 0 0 47 0 21 14 0 0 39 0 7 0 0 0 40 29 0 0 35 30 0 
15 0 0 6 0 0 44 41 0 15 0 25 0 0 36 0 0 19 16 0 10 33 14 14 44 0 30 0 0 23 30 0 0 0 1 29 41 0 18 15 0 27 0 40 1 14 31 0 0 0 0 9 21 8 0 18 0 0 20 0 40 29 0 0 0 4 43 45 0 0 0 33 13 45 0 0 41 10 44 23 42 0 34 0 0 24 47 11 0 41 0 0 0 0 0 43 0 25 0 10 17 46 0 0 32 0 48 0 0 43 46 0 0 0 33 45 3 32 7 0 24 42 7 0 31 31 31 0 0 0 0 24 0 7 6 24 8 5 0 0 47 0 0 41 0 2 38 25 0 44 0 9 0 0 0 0 0 0 45 0 25 0 15 17 41 0 40 48 0 0 0 22 0 35 15 0 0 0 24 0 47 0 33 32 25 28 0 0 6 0 0 0 0 18 0 0 0 0 17 0 
0 0 16 0 0 0 20 40 0 0 0 11 26 19 47 0 30 0 10 27 0 39 0 0 0 0 42 0 39 0 46 0 48 35 5 13 18 4 0 0 0 0 31 0 21 0 0 38 0 0 0 26 10 0 17 16 0 40 0 8 0 27 48 23 15 0 0 6 0 43 0 0 46 38 17 41 0 0 0 37 5 0 0 4 0 0 27 0 0 0 11 36 0 39 0 0 0 0 36 29 7 5 27 0 0 17 43 8 44 0 45 0 43 47 3 0 1 0 28 0 29 39 0 2 29 24 0 24 2 0 4 0 30 31 0 23 0 29 30 0 5 26 0 0 0 47 0 25 27 24 29 0 14 0 8 42 0 46 17 0 0 20 4 0 2 0 22 0 0 4 45 27 29 37 25 0 0 0 0 0 48 5 16 0 0 0 2 0 20 0 7 0 0 10 42 0 0 0 42 0 
35 0 28 0 0 33 43 0 0 38 0 0 0 0 31 0 0 0 0 0 0 43 0 0 0 22 0 0 0 0 21 0 0 28 0 22 0 40 0 6 0 23 40 24 0 0 1 23 0 0 0 40 18 0 0 0 49 0 30 30 13 10 0 7 3 26 36 0 32 38 22 40 26 32 0 10 0 0 18 0 0 0 23 0 0 0 48 28 18 47 32 0 7 4 12 0 18 31 29 24 0 0 0 14 0 0 28 1 0 0 39 12 0 14 0 46 0 0 0 40 34 0 0 0 12 0 0 29 0 32 0 42 1 0 7 12 0 0 0 0 0 3 0 0 16 39 24 38 0 49 0 10 5 0 0 16 41 0 0 10 0 0 4 41 0 0 4 0 48 0 1 31 0 0 9 38 38 0 0 14 33 0 0 0 0 0 0 0 37 0 11 0 49 0 0 0 28 0 0 0 
0 0 5 45 32 0 0 36 0 0 9 39 0 0 0 0 39 0 15 6 0 7 0 38 17 0 32 0 0 37 0 0 28 0 0 0 4 36 15 48 30 0 0 0 40 35 0 0 0 0 0 0 0 41 41 19 0 0 0 0 0 0 0 0 0 0 46 1 0 7 26 39 0 0 0 44 0 18 0 39 0 6 0 0 0 0 39 0 0 4 34 0 0 22 0 0 29 36 47 31 0 23 31 0 0 17 0 13 15 0 0 0 22 0 14 0 0 0 0 0 0 23 16 0 0 2 0 0 0 43 7 0 17 38 0 0 0 40 0 20 0 0 36 30 37 49 0 0 0 0 0 6 31 0 43 0 10 39 0 0 33 0 0 1 0 0 0 3 0 0 0 0 0 9 13 42 0 0 0 0 0 32 18 20 0 0 0 0 0 4 0 34 0 32 34 14 0 44 17 0 
44 0 30 12 14 5 45 5 12 49 0 24 40 0 3 22 30 46 13 0 2 0 1 0 0 6 0 0 3 39 42 0 0 0 0 14 30 0 0 0 0 0 0 4 0 0 0 0 45 0 6 0 0 40 46 0 22 27 0 0 47 0 4 0 0 0 2 16 27 27 0 2 0 0 0 23 37 0 39 0 0 0 0 0 0 45 21 0 25 0 19 0 0 36 0 35 47 35 32 0 39 0 0 0 0 0 0 0 0 36 0 37 0 0 16 28 1 36 38 0 0 0 43 46 43 0 0 0 0 0 38 0 41 19 11 0 0 30 35 48 18 12 37 0 20 0 0 0 40 11 0 38 19 44 35 0 0 14 0 42 0 39 0 0 0 0 21 0 0 0 0 6 18 31 0 38 34 0 10 0 40 11 0 0 6 0 0 0 0 0 0 0 10 23 10 0 0 30 14 0 
0 0 0 6 0 0 25 0 1 22 0 0 34 0 18 0 0 5 21 4 28 0 0 35 0 0 23 0 29 21 0 11 18 44 0 0 0 0 0 0 28 11 0 0 17 0 0 13 43 19 0 0 24 7 12 0 15 0 0 0 14 0 36 10 44 7 0 0 34 3 45 26 39 0 0 42 5 0 0 0 0 37 8 28 6 0 32 43 23 8 4 48 47 0 10 0 0 0 26 4 0 49 0 0 0 0 23 0 34 0 0 0 40 49 0 0 0 0 0 0 0 0 11 0 13 0 0 36 30 0 40 1 5 0 14 0 20 36 38 5 40 0 0 31 0 0 28 0 0 20 32 0 0 0 0 0 0 0 15 0 44 6 47 0 0 13 13 45 48 0 0 39 0 0 0 0 0 49 27 15 0 10 0 34 4 7 0 0 0 0 15 0 0 0 0 9 0 1 5 0 
0 0 0 35 0 0 40 7 16 21 0 35 49 0 17 0 19 0 11 0 0 0 47 0 0 0 0 0 29 24 0 0 8 0 0 36 21 0 39 0 0 16 31 41 0 0 39 31 23 0 0 0 46 0 0 42 9 0 3 43 0 0 0 0 0 13 0 17 0 0 27 15 0 0 36 0 0 0 6 0 37 0 3 6 11 35 0 32 0 21 0 0 0 48 0 0 34 0 44 0 0 38 28 19 0 0 0 18 23 4 0 27 28 0 0 0 6 0 22 0 0 0 24 0 0 5 0 39 42 38 0 46 27 15 0 5 29 0 22 0 0 43 29 0 14 13 21 0 15 0 0 0 48 0 0 1 0 0 39 47 0 26 0 5 0 0 0 20 3 34 22 0 0 2 0 41 0 4 0 33 0 37 0 44 0 0 0 0 4 0 36 34 0 28 38 0 35 0 25 38 
9 32 0 0 0 42 0 0 0 10 37 27 0 16 0 0 0 26 0 33 21 0 0 0 0 0 0 0 0 18 22 0 0 45 31 0 0 0 18 0 0 0 0 41 0 0 30 22 36 0 43 0 0 0 0 16 43 19 14 20 0 0 28 0 0 0 0 28 5 0 15 32 7 31 0 34 0 23 0 0 8 3 0 0 0 0 10 0 0 0 0 0 12 2 25 0 0 0 0 35 16 26 0 2 0 24 0 0 13 0 23 0 46 12 0 44 2 5 47 27 6 16 3 0 17 0 21 0 48 5 0 15 0 17 16 43 40 32 0 4 1 0 17 46 0 12 41 0 0 0 49 25 2 4 0 0 0 13 10 30 0 0 44 0 0 12 45 43 43 28 46 0 0 0 40 0 25 33 0 0 19 24 16 0 27 0 43 9 25 0 0 46 0 0 0 39 48 0 0 0 
0 0 30 0 0 13 0 24 35 0 36 2 45 20 14 0 30 8 0 27 0 19 39 18 41 0 0 6 36 22 0 48 21 0 0 0 0 16 0 22 13 0 0 40 6 0 0 0 4 0 17 29 0 38 7 0 18 0 3 0 0 0 0 46 0 42 0 8 35 12 0 0 23 0 0 0 4 0 0 0 28 6 0 0 19 0 36 0 41 28 8 0 0 34 9 30 0 24 2 35 36 44 0 0 48 0 6 35 21 0 0 0 44 6 10 15 0 45 0 0 0 28 41 0 0 49 13 0 25 14 0 0 10 0 0 0 0 0 0 7 0 15 26 0 21 35 0 0 32 0 33 0 39 25 38 0 0 0 21 0 0 0 9 0 28 0 0 0 9 0 24 0 0 49 0 0 36 8 0 0 18 0 21 0 21 0 0 46 0 0 0 0 0 0 0 31 36 0 0 0 
0 31 44 0 4 39 19 0 33 1 0 46 24 26 0 0 9 36 0 0 32 10 25 0 29 12 0 0 11 0 49 41 2 0 20 0 0 26 0 8 0 0 15 0 0 0 0 0 0 0 45 0 0 0 17 0 13 0 0 0 10 0 0 5 23 6 0 1 4 16 0 9 0 45 24 0 0 0 0 0 6 11 0 19 0 46 19 37 0 20 0 0 0 0 0 0 0 2 0 34 23 3 41 20 13 0 15 0 0 0 0 2 0 11 49 0 0 20 41 0 39 0 0 45 0 0 17 33 0 0 18 0 15 0 0 28 0 46 0 48 0 0 49 23 9 49 26 17 0 0 6 0 0 36 0 0 0 0 0 0 0 0 0 49 0 0 28 0 45 0 0 11 43 0 0 0 1 0 20 20 0 0 0 0 12 31 0 0 0 5 0 0 24 0 35 0 0 0 4 0 
0 34 36 15 21 0 0 0 0 33 38 26 0 0 0 0 0 47 42 37 0 23 0 0 0 42 8 0 16 47 49 0 0 0 42 0 9 27 20 47 19 33 28 0 17 0 0 38 0 48 32 0 32 25 0 0 0 0 0 0 0 0 11 42 0 35 0 0 0 0 27 24 36 0 0 24 0 0 0 45 0 35 0 0 46 0 7 4 20 49 0 0 0 0 0 0 0 0 47 4 0 11 34 48 46 38 4 38 0 27 0 11 0 0 25 0 0 31 37 0 0 0 45 31 46 15 0 0 16 0 0 7 0 0 6 7 0 10 0 0 0 0 35 18 0 0 0 29 0 0 0 20 0 0 2 0 32 0 45 47 5 0 6 0 31 11 0 0 0 19 4 0 16 39 0 0 0 27 0 38 13 0 0 41 40 10 0 0 0 0 0 20 34 0 0 0 0 9 0 0 
0 0 0 0 34 37 13 0 0 0 47 0 11 0 24 0 1 6 8 0 0 49 1 0 16 0 0 17 0 44 0 0 16 24 11 0 33 0 42 10 0 0 39 20 0 0 0 41 0 0 0 0 0 0 1 0 0 0 0 30 35 0 36 0 0 24 45 39 12 24 0 0 0 0 13 47 27 48 39 21 32 0 10 36 19 7 0 27 0 0 42 36 0 0 0 22 0 22 0 46 30 0 38 39 45 9 0 0 0 0 0 0 0 7 0 17 1 46 43 0 14 37 0 0 0 0 0 0 43 20 24 0 0 0 10 0 21 0 5 0 0 48 3 42 0 0 0 7 0 0 0 0 41 0 15 0 0 0 0 7 0 49 30 18 0 40 11 34 0 15 32 39 0 0 33 0 0 42 27 0 46 36 19 0 30 33 33 45 0 0 3 0 5 33 17 18 24 28 0 29 
4 0 1 0 0 0 0 31 0 5 20 0 0 10 7 0 8 0 0 21 26 19 0 0 24 14 23 0 0 34 30 0 0 0 0 0 47 4 0 0 0 0 0 7 32 0 19 0 16 0 23 0 0 37 7 24 0 45 0 0 7 0 8 33 0 42 0 26 46 10 44 0 0 5 49 11 0 28 0 0 43 32 0 0 37 4 27 0 0 34 19 8 0 3 28 47 45 7 0 0 42 33 28 23 17 0 19 49 16 22 49 0 6 0 42 0 44 44 0 0 29 0 0 0 0 0 0 0 0 0 19 24 44 46 0 12 0 0 0 25 41 0 49 46 25 0 0 21 33 38 10 13 17 0 11 0 34 7 0 16 0 0 0 0 0 40 0 3 8 0 27 48 44 0 46 0 16 23 40 0 0 1 12 29 0 22 30 44 28 8 0 45 0 2 0 2 42 27 0 1 
0 0 39 0 0 0 6 40 34 34 0 7 0 10 0 0 19 6 40 13 0 0 0 0 0 17 18 0 10 41 2 0 0 37 0 2 2 0 0 21 48 27 0 23 0 0 0 0 1 0 37 0 0 39 9 0 0 34 0 29 39 38 0 0 19 13 19 0 0 25 25 42 0 3 20 0 0 18 0 25 23 0 0 41 0 20 0 0 0 10 0 48 0 10 0 0 0 0 0 0 0 0 40 8 23 14 0 0 0 48 0 37 0 31 45 0 24 0 13 24 33 47 0 37 8 16 0 0 0 25 13 14 0 4 21 0 17 0 0 10 0 9 0 14 39 42 22 0 0 0 0 0 0 7 0 0 0 46 28 8 22 40 21 10 0 0 24 12 5 3 21 0 11 0 0 1 12 0 0 0 37 0 24 21 0 0 12 30 6 0 0 27 0 10 0 0 0 0 0 0 
0 0 0 19 0 45 5 5 40 0 13 0 0 0 0 14 16 49 0 0 47 46 32 0 46 0 16 0 0 26 0 0 6 0 0 38 0 5 0 0 0 0 44 38 26 43 0 25 34 21 7 0 0 0 0 0 16 0 0 0 39 0 0 0 0 0 48 3 0 0 0 0 0 0 35 41 0 47 4 0 8 21 0 28 20 49 0 34 10 0 0 0 23 28 32 0 28 44 0 42 0 38 39 47 0 0 7 22 0 0 13 0 42 0 27 0 0 33 43 14 0 0 0 0 38 7 17 0 2 18 0 0 0 49 0 13 44 0 34 0 0 0 0 0 0 15 0 17 0 0 30 0 17 4 0 0 10 0 0 11 0 0 35 0 30 4 9 0 32 0 0 0 44 0 0 36 0 0 4 49 31 33 0 0 0 46 4 0 0 27 0 10 7 46 5 36 0 0 0 33 
0 0 0 6 16 0 34 0 0 0 0 0 45 0 4 0 0 0 41 24 0 0 0 34 35 33 16 0 0 41 0 0 4 0 45 0 0 23 26 26 2 8 17 49 0 0 0 12 0 0 0 22 11 0 26 14 0 0 10 12 0 0 23 42 0 0 0 44 0 37 21 15 5 3 32 0 11 32 34 19 4 0 0 8 0 0 42 19 0 0 0 11 0 6 0 0 15 41 0 0 44 0 0 28 0 20 15 0 23 12 49 49 24 10 8 0 14 43 0 31 0 2 41 0 0 46 0 26 0 0 13 0 0 34 8 0 0 22 0 28 0 0 28 0 8 35 29 0 30 0 3 0 4 0 44 0 40 46 0 25 39 0 5 24 39 0 42 43 0 40 22 23 38 0 0 45 36 0 0 17 13 0 0 17 0 0 31 0 0 0 0 32 0 39 7 0 0 0 8 40 
33 0 0 0 0 0 0 0 0 28 35 48 47 33 7 37 38 0 0 0 13 9 0 0 0 5 18 11 47 4 0 0 0 41 38 7 0 11 3 33 0 18 47 0 0 9 0 0 47 0 28 0 32 5 0 19 36 33 0 5 0 0 0 0 40 0 47 33 34 0 0 0 10 0 37 0 36 0 0 0 48 0 0 0 0 0 36 8 48 0 11 0 40 0 0 29 0 0 26 18 0 0 35 23 18 0 0 36 33 0 0 0 44 28 9 0 18 0 36 0 0 0 0 0 0 0 38 0 0 0 28 0 9 14 3 26 0 0 14 36 0 0 13 0 0 0 30 0 0 17 27 8 0 0 0 0 17 0 1 0 0 28 0 0 0 21 0 0 0 18 30 30 0 0 41 13 0 23 0 8 39 0 16 0 34 32 45 0 0 45 0 0 24 7 27 0 28 31 0 0 
0 0 0 23 26 15 35 3 0 11 41 0 13 32 0 25 29 0 0 0 0 0 5 0 6 15 0 0 44 0 4 0 37 37 30 0 41 43 0 0 0 9 0 27 46 14 0 0 20 0 34 5 0 0 21 0 37 39 8 0 0 37 0 9 0 0 28 34 42 0 47 4 0 0 47 0 0 7 0 0 47 0 12 0 0 0 0 0 0 23 0 40 0 49 44 0 24 37 14 37 0 36 0 0 26 1 0 0 34 8 0 36 44 20 0 0 0 0 0 0 0 0 23 0 4 18 0 0 0 42 0 0 0 22 22 0 22 0 0 8 0 0 43 2 32 0 48 26 0 21 39 12 28 13 16 31 31 0 0 37 34 28 0 0 49 18 0 0 0 5 0 0 0 0 31 48 41 0 0 43 0 0 0 0 0 21 0 6 0 20 42 0 47 0 0 0 7 0 17 27 
0 0 0 0 5 0 20 26 14 0 18 27 0 1 18 10 0 40 5 39 44 0 0 4 40 22 0 10 0 0 0 42 24 39 11 0 34 0 0 0 15 0 0 0 0 35 0 0 20 23 0 19 34 0 0 0 13 0 0 36 0 17 0 12 34 48 0 0 40 0 0 22 0 8 0 0 39 4 22 36 0 48 2 34 0 0 0 3 10 28 6 0 49 0 0 0 4 0 17 34 0 0 0 24 0 13 38 5 41 13 0 0 0 0 19 0 43 0 0 0 11 11 39 28 37 26 0 40 29 0 25 27 0 0 2 49 0 0 6 0 4 0 0 26 0 0 0 0 25 40 26 0 0 17 14 38 42 39 29 0 28 0 48 0 0 2 26 42 0 31 0 0 0 27 21 0 0 0 0 0 0 38 49 0 0 15 0 0 0 18 16 32 22 0 8 0 17 0 5 9 
0 0 0 18 23 15 16 0 0 32 0 0 0 23 35 29 36 40 18 33 0 0 0 0 15 0 18 0 19 21 42 4 13 0 36 27 45 0 33 0 22 34 0 45 0 39 0 0 16 5 0 48 0 0 0 0 40 9 0 0 20 0 0 36 0 0 0 0 0 11 0 6 14 0 0 0 0 12 0 0 10 0 25 9 0 0 0 28 0 32 0 0 44 0 0 15 41 0 0 0 29 0 0 0 0 15 0 20 16 44 25 30 33 0 34 2 0 0 0 2 24 38 18 9 0 0 0 35 34 0 0 0 0 6 2 9 0 0 0 0 36 4 17 20 0 2 0 14 18 47 0 41 36 37 1 30 14 0 17 47 0 0 0 7 0 0 15 0 0 0 0 40 0 0 0 0 0 0 41 0 29 8 0 0 44 0 46 9 0 0 8 24 0 0 31 10 0 0 8 0 
40 14 0 31 0 27 36 0 0 0 0 4 43 21 40 0 0 0 0 0 0 48 28 0 11 2 48 0 49 13 0 0 0 41 43 0 18 0 37 38 34 0 21 23 39 28 4 0 0 0 0 24 11 36 29 0 0 0 0 0 6 0 13 0 45 0 5 0 0 0 0 37 4 0 29 43 0 0 0 35 0 0 0 30 0 0 22 47 0 0 0 29 0 0 15 0 43 0 24 0 0 34 0 0 0 8 25 0 0 41 13 0 6 11 0 49 24 29 0 7 0 0 0 27 3 0 10 45 20 0 36 19 0 0 24 39 14 48 0 0 41 0 0 0 0 0 46 37 0 0 43 38 24 0 16 27 37 25 23 8 0 11 26 0 0 49 22 30 49 0 9 0 11 1 0 24 14 0 0 0 0 0 45 28 17 0 6 5 37 29 12 0 39 0 33 0 0 0 0 38 
13 0 44 0 0 0 0 48 45 29 0 0 1 47 35 0 9 0 0 49 33 17 0 5 35 0 0 19 0 39 0 32 42 0 0 16 1 0 0 0 46 24 4 28 0 5 0 0 2 0 47 0 9 23 17 9 0 29 18 0 36 33 45 21 31 0 35 0 0 0 0 37 13 12 0 0 0 18 29 47 0 34 0 0 0 0 0 45 0 28 15 0 24 4 41 43 0 13 44 0 0 0 15 0 9 0 11 17 2 0 13 29 34 0 35 38 0 15 1 10 0 0 42 7 0 47 0 0 11 33 0 0 28 13 37 0 0 47 0 15 0 0 0 49 0 0 0 0 0 39 14 48 28 0 6 7 1 0 28 0 0 26 49 0 0 0 0 4 0 0 18 0 0 13 47 0 46 0 0 41 23 0 0 2 0 45 0 40 39 0 2 0 13 2 0 0 0 0 0 21 
27 0 45 0 0 0 0 8 0 42 32 41 0 14 0 0 6 0 48 0 17 0 8 0 11 0 6 12 16 24 0 36 3 29 0 6 13 28 0 0 0 0 12 14 0 0 7 0 0 0 0 0 20 0 21 1 39 13 0 0 0 25 0 41 21 0 26 8 0 0 42 25 42 17 32 25 0 31 36 35 0 0 0 24 2 0 22 7 0 44 41 0 37 0 0 0 13 0 0 27 0 0 0 17 0 37 0 0 0 0 0 17 0 7 0 37 46 0 0 0 20 40 1 0 0 38 24 2 0 2 28 28 4 18 0 0 0 49 0 0 0 0 0 0 0 11 40 0 0 15 0 34 0 0 0 0 14 0 0 23 0 26 3 14 0 0 35 1 0 42 0 0 0 33 25 48 44 16 0 0 30 4 42 35 32 24 33 45 0 31 19 0 9 21 4 4 0 0 4 0 
0 0 30 27 33 40 0 0 24 47 3 0 21 0 0 30 18 0 9 8 0 16 12 47 16 31 27 0 42 0 0 45 0 0 34 34 6 6 41 0 0 15 39 0 0 38 0 43 0 0 0 0 27 0 0 15 39 0 17 12 0 14 0 5 0 0 0 16 48 33 0 0 14 0 8 0 36 29 47 32 26 44 0 2 0 47 0 0 0 0 0 26 14 17 0 24 44 0 0 31 39 43 0 0 20 0 0 35 25 23 17 29 0 0 0 40 35 0 0 18 26 0 26 47 18 0 0 0 0 0 0 0 33 40 45 4 36 10 38 0 0 6 41 0 0 0 0 43 7 0 0 32 0 37 30 46 0 0 5 0 0 0 0 0 33 22 0 21 0 0 33 19 0 0 18 0 24 8 21 30 22 32 0 0 21 0 42 0 41 46 0 0 0 0 4 0 44 30 0 27 
0 27 0 0 35 0 0 32 39 0 9 0 0 30 0 28 23 0 0 0 0 0 0 0 24 0 0 0 0 40 0 42 0 0 18 0 0 0 5 30 44 0 0 3 0 39 0 29 0 38 0 23 34 0 45 0 0 0 44 0 1 0 0 19 0 7 15 0 0 0 0 23 0 38 0 10 29 24 31 0 4 0 35 35 34 4 46 0 0 42 0 18 37 34 0 0 0 27 31 0 0 0 46 0 0 15 0 0 0 0 4 0 0 17 0 0 0 0 0 0 0 2 0 0 0 0 2 15 15 49 0 0 29 39 0 0 5 0 7 0 32 0 0 0 0 18 48 0 3 0 38 0 0 0 11 0 0 12 0 22 0 40 0 0 30 8 20 35 0 0 13 0 39 39 38 0 0 38 0 10 46 46 0 3 0 0 0 24 0 29 0 0 0 31 18 0 38 37 0 0 
40 0 0 0 0 36 0 0 0 0 31 0 29 0 19 0 0 31 0 0 5 0 0 18 36 27 48 13 22 21 1 48 6 0 0 17 26 9 0 34 46 0 0 12 0 5 0 9 23 31 0 13 0 0 2 39 24 43 7 0 0 10 36 25 28 14 0 0 0 15 16 0 0 0 37 17 7 0 0 39 0 0 16 36 23 0 30 42 0 0 44 0 0 0 29 0 0 0 39 0 0 14 0 23 5 0 12 0 42 1 0 0 46 0 0 0 45 4 0 21 22 0 18 0 0 0 18 32 37 6 16 0 20 0 27 0 0 39 48 43 0 27 45 37 0 0 36 0 0 0 0 17 0 41 16 0 40 0 0 29 0 0 0 0 27 8 37 28 0 36 0 40 14 14 0 0 6 0 21 0 0 0 0 0 33 36 0 0 20 33 0 0 0 33 23 0 40 11 3 0 
0 0 41 0 7 0 3 20 0 6 0 49 0 29 43 0 0 23 24 29 0 8 3 0 1 0 0 9 0 40 0 0 29 39 0 15 48 39 3 0 0 0 39 26 0 0 34 0 0 0 0 31 49 0 27 18 39 2 12 20 34 47 0 44 40 22 48 20 20 0 24 27 0 0 0 46 5 0 23 0 49 38 26 44 3 11 0 33 0 38 0 0 36 0 0 34 0 0 43 0 14 0 46 24 28 0 0 0 28 0 0 48 46 0 0 0 0 24 1 10 47 0 42 47 34 0 31 0 0 0 19 19 10 0 42 37 23 0 44 3 0 14 2 0 20 0 0 0 0 0 2 15 0 0 13 48 0 43 0 1 0 0 19 0 37 13 0 12 0 5 0 24 18 19 0 38 12 41 0 31 0 0 45 0 0 0 46 15 0 1 16 0 26 0 0 14 0 47 25 0 
0 41 42 44 16 22 38 32 0 11 26 0 0 25 5 0 0 0 42 38 0 0 0 0 0 0 0 0 0 17 0 0 38 34 0 33 1 29 0 0 0 0 0 12 0 0 0 40 34 0 0 2 0 33 0 0 23 0 46 0 27 0 0 0 0 0 35 28 0 27 0 45 4 24 40 0 27 0 31 0 0 28 0 0 41 34 38 28 40 39 0 35 0 0 0 0 15 0 0 46 0 46 0 0 42 20 0 0 21 0 24 0 39 0 44 0 0 41 4 7 38 18 0 38 0 0 0 0 0 0 0 3 0 0 5 0 39 0 7 0 0 30 0 19 35 0 44 33 7 47 0 0 16 49 34 1 19 48 23 0 0 0 29 29 0 33 0 0 0 33 11 37 0 0 7 0 0 0 0 0 48 24 0 0 0 0 0 42 0 0 0 0 0 0 40 0 30 0 43 38 
35 0 0 0 0 0 0 0 12 2 43 0 0 0 6 0 0 9 0 28 0 0 15 0 0 0 33 0 25 0 0 0 4 0 0 20 37 46 15 41 28 5 0 0 8 0 21 47 20 6 8 0 0 0 4 0 0 0 5 17 15 0 44 0 0 21 0 36 37 0 0 0 21 0 10 0 0 14 0 0 0 19 2 0 20 48 39 23 8 47 28 23 0 24 0 0 0 17 0 0 23 24 0 0 0 5 0 11 38 32 0 36 33 0 0 0 14 43 42 0 0 5 0 0 41 46 0 0 43 0 0 24 32 0 0 30 0 0 0 0 17 0 33 49 40 24 28 0 19 21 0 0 25 0 13 18 12 0 0 6 0 2 29 37 0 41 0 18 26 0 0 0 0 0 0 0 0 21 3 0 0 0 0 0 9 3 0 21 41 0 26 46 28 7 0 0 47 0 0 0 
0 0 27 15 9 0 0 29 0 0 0 6 38 49 5 0 8 0 2 34 0 0 30 34 0 38 0 40 42 13 46 0 10 27 47 37 45 0 32 0 0 10 0 39 0 0 0 0 9 0 0 33 17 45 0 0 0 20 35 0 15 26 0 30 33 0 30 0 0 32 0 47 4 4 0 32 0 0 0 0 0 0 0 48 13 46 45 17 23 0 0 18 26 0 0 0 9 0 20 0 5 28 42 0 0 7 21 18 0 21 12 15 0 0 17 0 0 0 31 47 0 0 33 40 25 0 17 22 0 23 0 22 22 5 0 0 12 0 11 28 0 0 42 15 0 10 0 34 0 37 0 0 21 0 27 0 23 0 0 9 0 26 0 0 30 0 0 0 5 46 21 24 20 0 0 29 24 0 0 0 34 0 31 0 0 0 3 0 3 0 40 0 0 22 0 0 30 0 0 34 
0 0 33 14 0 0 11 28 0 0 48 47 43 45 14 36 24 0 0 0 0 2 4 0 0 17 0 2 0 48 0 0 0 0 5 20 0 10 37 21 0 46 1 12 0 0 0 0 47 33 11 22 24 0 43 0 42 0 0 0 0 33 26 8 0 0 0 0 0 25 0 0 0 0 29 0 17 0 17 0 0 0 24 0 0 38 9 0 14 0 20 0 1 13 15 8 0 37 0 15 0 0 20 5 7 0 43 45 10 14 6 0 42 0 0 0 0 0 48 2 35 5 10 0 37 13 0 0 0 12 49 0 44 0 0 0 0 0 12 0 0 0 24 46 0 0 1 0 0 48 0 38 0 36 0 0 0 40 16 36 4 0 33 0 0 26 0 10 0 0 35 18 0 0 0 46 0 0 19 0 0 45 22 0 32 0 7 32 0 23 0 47 39 0 45 0 28 0 0 0 
2 43 0 0 0 10 6 0 0 0 0 0 42 0 0 30 0 27 40 24 0 12 0 0 0 38 0 0 0 0 0 0 0 0 0 0 0 0 0 0 31 31 5 14 0 40 3 0 0 7 0 40 24 25 7 0 0 28 24 0 0 0 0 0 0 25 0 33 0 0 0 0 33 35 0 48 43 28 0 0 23 0 0 6 15 4 0 19 0 7 15 0 0 38 0 25 11 0 0 0 12 0 0 0 21 43 0 0 28 0 0 38 26 32 18 41 2 2 3 46 0 0 0 27 0 0 0 0 0 16 40 28 12 24 8 0 18 0 0 0 14 48 34 0 31 4 31 32 5 0 0 32 7 5 0 34 0 28 0 0 0 0 22 7 0 0 32 0 32 0 0 0 0 0 0 22 1 0 0 0 8 0 41 14 38 0 47 2 30 0 0 25 0 0 0 7 0 15 0 32 
0 37 43 0 0 32 0 20 14 0 0 0 15 19 3 25 37 0 0 0 2 0 9 0 33 4 0 0 0 0 43 49 0 0 0 0 0 0 22 0 5 0 28 0 0 27 0 0 0 0 24 0 26 0 0 0 0 11 39 0 0 4 0 0 47 0 0 0 0 0 13 22 1 0 0 0 8 1 13 0 0 18 0 35 0 38 0 49 0 22 0 36 0 5 20 0 17 0 35 0 0 0 0 11 18 45 0 0 7 37 29 0 0 0 0 38 0 25 0 0 0 35 10 0 37 9 47 0 42 0 0 0 13 0 0 13 0 0 44 46 0 24 0 0 43 0 0 33 44 39 29 0 25 0 46 0 0 0 26 0 37 0 0 0 41 1 0 0 0 0 0 0 32 0 0 0 40 49 0 0 0 0 35 11 29 0 23 0 23 49 0 0 16 15 0 9 16 22 0 0 
3 8 0 0 0 0 5 44 0 27 35 0 25 0 45 4 0 0 47 0 0 0 0 0 14 0 0 45 16 28 0 20 0 22 14 0 0 49 0 26 0 0 0 35 1 46 47 29 5 15 16 0 0 0 0 12 42 22 28 0 0 42 0 14 0 0 26 0 2 0 0 42 0 30 36 0 44 0 15 0 34 23 13 21 0 0 0 16 0 0 23 33 34 41 16 0 2 0 25 0 42 28 21 38 0 10 28 7 0 0 17 0 0 0 0 34 0 0 44 16 42 30 0 5 0 0 27 0 0 27 0 0 43 0 26 0 39 47 0 35 0 7 0 0 48 39 0 28 46 17 43 40 0 44 0 0 0 22 0 31 1 2 0 43 0 0 45 0 0 0 0 0 44 33 0 0 24 0 0 0 0 13 8 0 9 3 0 0 0 0 14 0 0 0 0 0 35 0 0 0 
18 46 18 0 0 0 12 0 0 33 0 5 0 5 0 0 0 41 0 29 0 0 0 0 13 17 46 25 41 0 0 0 0 0 0 0 32 30 0 3 12 6 0 19 0 0 0 0 0 6 16 0 0 0 0 0 43 0 0 12 0 33 0 0 21 6 3 0 0 0 0 7 48 0 8 43 0 0 0 36 0 4 0 0 0 27 0 22 48 0 12 0 8 13 44 41 0 0 23 0 1 0 0 32 21 14 0 37 0 0 4 9 0 0 0 44 42 17 0 12 37 31 0 45 0 0 0 0 0 27 0 34 0 0 47 0 32 33 0 44 0 0 0 47 0 0 42 39 13 0 3 0 0 0 46 33 15 0 18 0 0 26 0 29 8 13 0 0 45 0 34 35 0 37 33 0 34 0 38 0 0 0 47 47 0 44 31 0 0 48 17 0 0 36 0 32 48 0 22 0 
0 0 24 0 0 36 0 24 0 39 0 0 0 0 5 46 19 16 27 12 3 11 0 0 12 9 43 0 0 0 0 0 0 0 0 0 0 0 29 34 33 29 5 13 0 0 0 0 0 7 0 0 0 9 0 0 27 37 0 44 12 0 0 0 41 39 0 0 0 0 0 0 0 0 29 46 45 39 0 0 0 0 23 0 0 0 0 49 0 13 49 0 0 0 25 13 13 0 17 4 0 0 24 0 12 6 0 29 17 4 0 0 7 0 4 44 11 3 0 0 0 0 0 35 0 0 4 0 0 39 0 0 7 24 4 42 0 35 42 0 9 34 26 15 12 30 10 22 0 0 0 27 12 0 0 0 10 16 0 41 6 0 20 12 0 23 6 0 9 47 26 17 32 0 0 0 32 0 16 0 31 24 0 42 0 0 0 0 20 0 33 25 40 0 0 0 26 0 30 34 
0 0 0 20 0 49 30 0 36 0 0 9 10 48 0 16 28 0 20 47 32 0 0 20 0 6 46 0 44 0 0 30 48 0 0 21 45 0 0 48 0 0 32 0 17 0 0 41 0 0 0 9 16 0 0 18 8 0 0 35 47 9 0 0 0 0 41 0 0 16 6 0 1 27 0 0 0 12 0 37 0 27 0 0 2 11 0 0 37 0 49 0 36 0 30 0 29 17 29 0 0 48 0 36 15 0 38 0 0 9 0 0 0 7 0 23 10 0 17 41 30 0 0 0 7 0 0 41 0 0 33 0 12 17 0 0 20 41 27 45 0 9 0 0 0 0 0 0 17 19 0 47 2 28 0 0 0 11 0 0 43 0 0 0 0 0 0 23 7 0 0 0 43 0 20 10 28 0 0 45 0 0 43 41 32 0 0 11 0 3 0 5 0 11 0 0 0 14 13 35 
0 19 0 11 0 0 4 0 15 6 36 0 0 0 0 0 8 34 17 0 3 0 0 35 32 24 0 0 0 0 0 2 41 0 38 0 4 0 0 27 5 0 0 11 45 37 2 24 11 0 0 0 1 43 9 0 0 39 48 0 0 0 0 0 15 19 46 1 0 31 0 0 28 0 43 0 43 0 22 0 40 28 46 44 0 0 0 6 0 42 24 44 44 0 33 6 34 0 0 0 46 46 39 33 0 42 26 0 0 0 7 0 0 49 31 0 0 0 0 0 0 0 0 3 5 41 45 0 0 0 48 35 0 0 0 0 0 46 0 30 0 37 42 0 0 25 38 27 0 35 0 13 0 0 0 0 0 0 5 0 0 0 0 0 0 4 29 43 49 0 0 0 0 0 34 0 42 0 0 0 0 28 0 9 46 27 17 0 0 22 0 0 26 0 0 0 0 47 22 0 
2 0 10 33 10 0 17 40 0 1 32 0 0 40 2 0 0 0 0 0 0 13 11 0 0 23 0 0 0 0 0 0 0 11 35 0 9 0 0 4 0 49 11 5 28 26 33 48 0 2 0 43 0 16 46 48 21 0 32 15 0 26 5 3 0 37 0 38 0 30 42 6 0 30 0 0 47 14 0 0 49 0 12 6 11 0 7 0 31 0 10 28 20 0 0 11 0 7 0 17 0 0 0 0 0 0 32 0 0 0 0 7 49 0 0 45 0 0 10 21 6 3 44 0 0 1 34 11 10 0 37 26 0 0 0 0 0 24 35 0 3 49 41 0 10 38 21 0 21 0 0 0 0 13 33 35 14 0 0 0 0 33 0 0 0 0 0 0 26 45 0 29 0 26 0 0 0 0 3 35 10 24 13 46 37 0 32 2 14 28 28 10 12 0 44 0 0 2 0 7 
0 13 0 0 0 14 0 44 0 0 0 0 0 20 27 4 0 0 0 0 0 0 15 0 0 0 0 0 32 0 0 0 0 0 19 0 0 0 2 0 0 0 0 0 0 0 36 0 0 0 40 0 0 0 41 0 26 11 39 47 17 41 0 0 8 23 0 0 0 28 0 0 23 0 0 33 3 0 14 16 0 0 0 10 49 25 0 42 45 27 8 9 0 19 34 0 35 0 0 0 0 0 44 0 17 0 18 0 0 0 4 0 31 0 0 0 0 0 0 27 42 0 0 0 0 0 0 0 40 24 0 36 0 16 2 34 43 11 45 22 0 19 2 8 35 8 6 36 46 49 0 0 0 3 0 48 0 0 23 0 10 37 0 16 0 0 49 0 0 45 16 0 15 0 0 49 29 40 0 0 0 0 14 0 0 22 0 30 8 0 0 17 0 9 0 47 0 0 0 0 
0 49 26 18 33 34 22 39 47 0 0 36 0 0 49 0 16 0 0 33 34 18 0 0 0 0 28 19 32 31 44 0 0 0 0 0 2 0 0 34 0 46 0 0 0 0 45 25 0 13 0 31 14 0 25 28 16 20 15 1 1 40 39 23 0 0 0 0 0 0 0 0 29 5 18 45 0 46 0 28 0 0 44 15 0 0 17 0 0 0 0 0 0 0 2 49 38 37 40 0 0 0 0 0 0 0 41 38 34 44 44 23 0 45 0 0 28 0 0 43 30 0 0 10 35 27 0 0 24 49 11 0 0 0 5 0 0 4 45 0 0 28 0 30 0 0 16 0 48 29 33 29 0 0 39 0 0 0 37 28 23 47 3 0 0 7 21 43 0 0 0 25 45 0 6 7 0 0 0 0 2 0 0 29 8 45 0 0 0 27 0 0 25 42 36 0 48 8 11 0 
42 0 0 47 0 0 23 0 8 33 21 0 20 10 28 0 13 40 11 32 0 0 0 0 21 16 0 0 0 0 6 17 0 21 0 45 0 0 0 3 5 0 0 0 44 17 0 37 32 1 7 38 48 0 0 9 7 0 26 2 0 0 0 44 0 24 2 28 10 0 20 30 0 0 5 3 1 0 0 1 0 6 2 0 0 0 1 44 24 0 14 18 0 43 0 24 0 46 35 0 45 0 0 14 0 0 2 0 0 42 11 10 0 0 0 28 0 0 0 37 0 41 42 0 0 14 23 0 0 4 47 0 11 43 0 22 12 0 0 0 41 2 43 9 49 0 0 0 0 26 0 41 18 38 0 0 4 0 0 0 44 0 17 6 17 0 28 28 0 0 0 0 42 25 0 0 26 0 3 0 0 0 0 0 0 0 25 44 0 1 0 41 27 0 46 43 0 25 0 0 
0 0 0 36 22 0 6 0 0 49 0 0 17 49 0 43 9 47 0 0 0 0 15 8 17 29 0 33 24 0 0 0 35 22 29 26 19 0 0 31 0 0 13 0 0 0 37 7 31 25 0 44 0 6 41 11 0 0 46 0 0 0 0 0 0 0 36 0 37 3 28 6 43 23 18 32 0 0 0 36 0 0 5 45 20 31 46 44 0 33 43 0 0 0 0 29 15 0 0 0 4 24 41 43 0 0 2 25 0 17 3 0 0 0 0 0 0 0 0 5 20 6 0 43 47 7 0 49 5 0 0 47 1 40 3 0 0 0 0 0 0 0 32 37 0 19 14 21 0 0 25 0 0 6 0 0 0 0 30 21 38 0 0 0 20 0 0 0 21 0 4 12 0 36 1 1 0 14 21 30 0 0 0 25 3 18 5 19 0 0 40 0 18 7 0 0 0 0 0 49 
0 10 0 38 0 0 44 21 0 0 1 2 19 0 0 48 0 0 0 6 12 36 0 0 35 0 3 3 0 16 26 0 41 2 6 0 0 0 0 40 37 0 17 45 0 37 0 18 0 0 0 0 24 2 31 3 0 17 0 0 0 0 46 7 0 18 42 31 0 0 41 0 11 0 0 7 28 0 0 38 0 22 47 0 41 37 43 0 13 43 0 36 0 0 0 0 1 0 0 0 0 1 4 42 31 48 3 0 44 0 0 17 0 10 0 0 0 0 0 0 0 0 0 33 0 0 38 0 0 0 15 0 0 0 15 13 48 34 0 33 0 45 3 0 0 0 6 0 0 6 4 0 0 0 0 0 36 3 0 0 22 16 11 0 7 0 0 6 11 40 0 35 36 0 0 7 0 22 0 0 28 0 0 0 19 0 0 6 0 0 0 40 38 0 8 0 44 0 1 6 
45 37 35 0 0 0 0 0 41 18 0 0 0 0 40 1 31 0 2 0 6 42 0 0 0 0 0 10 0 37 0 0 0 9 5 46 0 34 0 0 4 0 0 47 32 0 40 22 32 0 43 0 0 0 27 10 0 0 0 0 0 13 0 16 32 36 21 21 25 0 45 23 0 0 0 0 0 40 0 0 0 0 27 0 0 0 0 0 24 14 31 0 0 0 2 7 10 0 18 0 21 10 7 0 47 2 46 0 16 12 0 41 0 21 27 43 37 5 0 0 0 0 40 14 0 4 0 0 26 42 0 0 0 0 0 0 45 17 0 0 0 47 0 24 0 0 19 9 0 0 14 0 0 6 43 41 9 14 0 0 8 37 0 0 0 0 11 13 3 1 28 41 0 0 16 0 43 0 23 0 0 0 23 15 0 17 8 0 31 0 40 0 0 0 0 20 19 0 0 0 
20 11 0 0 0 0 0 0 12 8 0 45 0 29 0 0 0 0 0 0 0 4 0 0 0 16 6 0 40 0 0 0 0 30 4 0 0 0 0 20 0 0 0 0 30 0 0 32 0 0 0 0 37 0 40 0 0 17 34 19 42 45 0 11 25 4 35 0 0 0 0 0 12 0 4 24 29 34 0 0 0 0 6 0 39 0 14 29 33 0 0 0 0 11 24 0 0 20 26 0 22 47 38 0 0 35 0 0 42 37 0 30 0 6 42 30 0 20 0 0 0 25 0 13 0 45 28 0 39 0 12 0 20 0 7 0 45 23 0 0 5 8 0 0 0 22 9 30 40 33 14 12 10 0 0 0 0 0 0 0 19 37 47 38 0 0 24 33 27 0 0 32 0 24 25 0 45 0 15 0 18 28 48 27 0 24 10 29 0 35 44 0 0 42 0 10 46 9 0 0 
41 43 27 44 0 0 29 0 24 0 0 11 0 0 10 0 5 24 48 29 47 0 0 31 22 0 18 42 0 0 0 0 44 0 3 8 0 0 36 18 0 0 0 45 13 0 0 0 28 1 13 0 0 0 0 0 26 0 0 0 6 0 21 48 29 0 0 0 47 48 14 0 16 0 49 42 39 0 23 0 0 0 16 28 0 0 37 0 47 0 2 0 0 11 38 0 0 40 0 2 0 0 18 5 0 5 0 35 30 31 0 0 0 3 0 0 41 6 0 0 25 0 29 0 3 3 0 0 0 0 0 2 32 33 0 0 0 0 2 0 18 32 0 13 28 0 0 13 0 0 0 0 22 2 7 0 0 0 0 0 5 0 48 36 4 29 14 0 17 0 0 0 0 0 0 0 0 3 42 2 0 0 33 27 0 39 3 0 48 10 0 0 32 18 39 35 46 5 49 14 
30 0 25 0 12 0 0 19 0 0 0 0 7 0 46 37 20 0 43 0 18 0 0 0 21 0 0 20 7 0 32 0 37 49 42 5 0 0 20 8 0 0 16 44 23 8 0 40 30 9 22 0 34 0 13 0 0 0 0 0 0 0 0 33 0 0 19 0 10 0 42 0 18 0 12 7 0 0 16 43 11 24 3 41 0 45 0 0 0 0 41 0 23 39 18 0 42 1 26 0 18 42 0 0 33 10 0 10 0 0 0 0 0 44 0 0 42 0 0 40 0 29 0 0 0 0 22 0 1 0 0 0 0 0 0 0 18 0 0 9 40 0 8 49 23 0 0 0 0 0 37 0 0 2 0 49 5 0 0 6 48 6 13 0 44 0 0 0 10 0 21 49 32 29 0 6 40 30 0 0 48 0 43 15 38 19 15 43 0 36 48 0 41 0 0 0 0 0 0 44 
32 7 0 29 0 0 48 0 0 0 2 0 0 0 12 32 0 0 0 40 0 0 0 38 0 30 0 43 0 12 0 0 28 0 0 0 0 0 27 36 2 46 0 0 0 24 31 0 36 48 0 13 0 0 12 5 4 0 0 9 0 33 46 20 38 9 14 0 8 0 11 43 19 0 0 0 2 0 0 46 0 0 0 0 45 31 0 0 37 0 0 0 0 28 9 27 7 0 47 0 0 47 38 0 40 0 27 0 5 45 35 0 3 0 0 10 0 43 33 14 13 0 0 0 39 17 0 22 0 42 27 36 23 0 25 0 0 19 36 0 37 0 38 0 0 37 25 0 48 0 0 0 0 9 26 33 26 0 6 0 0 32 10 0 0 0 7 16 4 0 0 40 44 0 49 0 41 0 0 0 7 0 23 1 0 48 0 0 18 0 29 0 0 0 17 30 0 0 0 0 
18 2 15 26 0 34 1 0 37 39 15 0 19 0 27 0 47 15 4 20 0 0 0 0 13 0 11 3 28 0 29 0 0 32 13 47 46 0 0 15 0 0 45 10 0 12 0 0 0 0 0 0 20 37 0 40 39 11 0 0 10 0 0 0 0 0 0 0 38 31 6 30 0 0 0 31 29 12 0 43 13 0 17 0 0 46 0 0 8 38 0 0 4 37 0 3 0 0 18 0 0 34 0 41 25 37 0 37 0 0 0 7 5 0 0 35 0 47 0 0 0 3 0 39 0 0 0 0 0 0 17 0 4 0 3 44 48 0 0 0 2 14 0 8 0 26 36 14 0 0 0 0 0 0 0 0 0 0 49 0 0 17 0 6 0 0 0 5 10 15 4 0 0 40 0 0 0 0 0 16 35 0 0 37 0 23 17 0 10 0 0 12 33 17 0 0 0 19 0 16 
0 14 0 0 0 24 46 0 0 29 0 36 0 30 0 18 0 0 13 44 0 0 0 5 0 40 29 0 25 0 25 0 1 0 0 31 11 45 0 0 9 10 0 40 0 0 0 0 0 13 0 12 0 0 6 0 0 0 0 0 4 8 0 20 10 0 0 0 0 7 0 18 31 1 7 31 24 0 2 0 0 5 0 49 0 15 0 0 16 7 46 0 18 26 0 0 47 38 0 0 0 0 0 46 0 13 0 9 0 0 0 0 41 1 0 27 14 7 0 4 45 3 0 17 0 0 33 0 0 13 0 49 26 6 0 0 21 0 10 0 29 26 0 0 17 0 13 49 15 45 0 0 35 19 0 0 35 0 29 13 0 18 13 28 23 0 0 0 14 42 0 0 0 4 0 35 7 0 0 0 0 48 0 0 18 11 0 0 49 0 16 0 0 0 30 36 2 10 31 0 
0 0 6 11 31 0 0 0 40 40 29 48 6 32 3 0 40 5 0 0 0 41 34 0 0 0 0 16 32 24 37 0 26 0 28 0 0 38 16 0 0 25 14 46 14 0 34 0 8 0 28 36 0 0 0 34 0 0 0 18 4 0 0 0 0 3 0 35 48 0 3 31 22 41 0 31 0 0 0 0 0 0 21 13 17 0 0 0 0 17 0 38 0 0 0 10 0 24 0 2 18 31 0 0 17 0 0 47 27 0 4 0 45 34 0 0 23 0 38 0 28 0 22 0 0 33 0 0 45 0 0 0 1 3 7 0 38 0 3 0 0 0 0 0 2 0 0 45 25 0 6 5 0 0 0 0 23 24 0 19 0 14 18 35 17 24 40 6 0 42 42 0 0 0 0 33 0 46 0 0 49 35 33 30 27 0 0 1 13 18 19 47 31 36 0 0 0 20 4 0 
0 22 0 19 0 0 0 11 0 19 17 49 0 49 13 39 7 6 8 0 0 19 39 0 47 23 31 22 47 0 34 34 0 30 12 0 47 0 37 23 0 0 0 0 0 16 0 11 0 44 0 31 29 0 27 0 33 0 0 21 45 0 0 0 44 47 37 13 29 0 10 0 0 33 0 0 24 29 0 0 36 39 0 0 33 0 0 0 0 0 26 0 0 40 35 45 0 2 0 15 32 0 0 0 22 0 0 0 0 0 0 41 0 11 0 0 0 49 0 0 0 0 0 22 0 0 0 0 13 45 0 45 40 8 0 43 0 6 0 0 40 3 0 18 0 7 18 0 24 36 2 0 0 0 0 0 0 8 48 18 0 0 0 44 0 0 38 0 48 9 23 39 11 0 0 0 0 0 10 38 0 12 44 33 45 48 0 0 0 0 15 0 25 28 2 43 0 40 0 16 
0 0 13 18 0 0 0 6 21 0 0 0 2 43 33 0 13 39 12 0 30 0 38 0 0 0 0 0 0 0 11 0 0 0 0 0 23 0 0 3 10 0 0 0 17 0 11 17 0 0 31 0 9 0 0 30 15 0 0 1 25 32 14 0 0 13 0 0 0 19 0 42 0 17 38 0 2 0 0 0 30 42 48 25 0 16 43 0 0 2 0 0 0 29 34 20 11 0 0 15 37 0 0 43 0 0 0 42 0 0 0 0 0 10 40 24 0 5 0 26 39 0 1 0 0 0 45 13 0 48 40 7 10 48 0 0 0 0 0 0 49 0 43 33 0 0 0 0 0 0 44 0 41 23 9 36 0 0 0 0 0 0 0 8 0 0 0 0 19 0 4 0 33 0 0 13 40 0 0 36 0 0 43 7 0 0 0 4 0 45 0 48 0 0 7 0 9 0 0 27 
10 20 0 37 15 0 0 0 15 0 0 0 0 0 0 0 9 0 0 0 0 0 46 0 45 13 0 38 25 9 38 4 0 7 14 35 46 0 8 0 0 39 4 39 9 40 16 7 28 49 9 0 0 0 0 1 44 0 22 29 25 0 0 10 43 0 0 3 0 0 0 25 0 0 0 0 0 32 43 0 0 38 5 14 0 0 20 0 25 18 0 0 42 0 0 0 33 2 0 49 6 0 0 0 23 12 16 0 27 27 39 0 0 0 24 49 4 0 0 42 0 0 0 42 0 13 0 45 48 0 26 37 46 0 35 0 0 0 0 13 0 0 0 4 0 10 0 15 13 0 0 27 0 0 5 0 0 0 0 8 0 16 45 0 0 0 0 0 5 0 7 0 45 0 22 0 18 28 0 31 0 0 0 36 0 13 0 15 0 0 22 20 0 18 8 25 49 0 19 0 
28 0 1 0 0 41 0 43 0 0 26 0 12 0 0 18 29 22 12 2 0 12 0 21 22 0 0 31 4 0 8 27 35 47 0 0 0 35 41 0 0 0 32 0 46 7 0 0 0 33 0 5 14 9 0 0 0 0 0 0 0 0 45 0 0 0 0 0 36 12 0 41 35 23 4 0 4 0 7 38 40 0 0 0 18 0 24 19 13 0 13 28 0 25 0 36 0 28 0 0 16 19 0 0 0 49 40 0 0 0 0 33 48 37 0 11 47 0 15 0 12 0 0 27 17 0 0 0 40 26 0 26 0 0 22 0 45 0 3 0 19 0 5 9 41 40 49 0 0 0 0 24 36 0 0 0 0 0 2 4 0 6 0 0 29 3 36 0 0 38 44 0 23 48 21 15 40 0 20 0 0 0 1 0 5 28 0 0 0 28 21 0 34 1 0 0 3 0 0 44 
0 22 47 0 17 46 0 0 0 0 0 1 30 7 4 35 0 0 20 0 34 5 45 1 0 22 0 33 0 9 11 24 0 28 0 4 0 0 47 0 8 0 33 0 35 29 46 0 0 42 48 2 32 0 0 0 38 0 31 0 20 0 0 0 9 0 30 31 25 33 8 0 49 0 26 24 0 42 0 0 1 46 15 0 0 7 0 24 14 0 0 0 0 27 0 19 0 28 0 0 0 19 3 24 22 0 28 0 0 34 0 0 35 26 36 0 0 47 0 0 0 2 0 36 0 49 0 45 7 37 26 0 22 0 0 0 0 0 0 19 0 0 49 0 0 1 0 0 28 0 6 6 1 26 4 0 0 0 0 0 36 0 0 9 0 32 0 44 7 0 14 0 2 14 0 0 15 0 0 42 0 0 0 7 7 0 0 0 7 0 17 0 0 0 0 0 0 0 0 34 
0 5 27 0 21 0 0 0 19 43 34 30 29 0 47 0 0 0 0 42 0 16 0 14 46 10 0 47 0 0 11 0 0 45 0 49 0 33 0 0 0 0 43 17 35 23 1 0 0 0 44 0 0 0 41 18 34 0 33 0 0 33 0 5 34 0 0 22 15 45 0 3 0 40 14 0 30 1 17 41 5 27 0 10 15 0 0 44 0 0 0 9 0 0 0 0 28 4 33 29 20 10 0 32 22 44 12 13 43 0 7 12 0 0 0 0 11 1 0 0 20 32 0 23 4 26 1 40 10 46 0 22 0 31 0 0 33 0 0 19 0 0 46 0 0 26 0 0 0 24 0 20 0 43 0 27 0 33 0 0 9 0 41 42 0 0 0 9 6 49 0 0 0 0 0 5 2 0 17 37 0 0 0 0 0 0 0 0 29 0 39 37 0 32 31 0 0 11 20 31 
0 40 0 0 0 0 27 26 0 0 3 0 13 0 0 41 0 0 0 39 0 41 0 0 0 0 0 19 24 0 0 33 0 32 0 45 0 15 0 0 0 0 21 0 48 0 0 30 21 38 17 6 0 0 0 0 6 26 0 22 0 0 9 35 23 16 0 0 4 39 0 0 0 46 43 7 31 0 38 19 0 15 17 0 0 0 0 46 4 49 34 14 22 0 6 0 13 18 40 39 0 0 0 0 5 0 24 0 0 0 24 17 0 0 16 0 43 40 0 0 0 33 0 0 0 6 3 8 48 0 0 0 31 0 11 0 13 13 26 17 0 0 43 0 16 39 6 24 0 20 20 25 2 48 13 0 37 48 0 19 0 1 0 0 31 0 0 0 3 6 0 23 0 5 8 0 44 13 0 0 0 45 40 0 0 0 0 0 0 5 0 9 5 0 0 35 21 18 29 0 
0 12 17 31 26 0 49 0 35 34 0 43 0 9 0 0 31 0 0 0 0 0 0 32 38 0 18 0 0 36 28 33 16 0 0 0 0 0 13 29 0 0 0 0 0 0 18 0 0 0 0 33 0 40 35 3 8 0 35 40 35 0 45 0 26 0 0 19 0 0 0 0 21 0 36 6 0 7 0 11 14 0 16 0 0 6 10 0 21 0 8 3 22 2 2 24 37 0 45 0 27 42 5 0 0 0 8 0 26 47 4 0 0 0 2 5 0 3 15 0 7 0 0 25 3 0 7 0 0 35 22 0 0 11 0 23 0 0 0 0 5 0 0 0 35 6 0 0 45 0 23 48 0 0 0 0 0 7 0 31 45 0 4 0 0 0 37 31 0 47 0 33 8 20 1 0 25 5 24 21 0 47 0 12 0 19 0 6 25 8 0 22 20 0 36 0 0 24 43 0 
0 41 0 5 29 24 0 0 0 8 24 35 18 0 0 0 0 30 25 0 0 1 29 47 0 47 0 0 29 0 8 44 0 0 0 38 0 29 45 0 0 0 0 0 0 27 41 0 0 38 11 0 0 23 30 23 36 24 19 0 24 10 0 34 0 20 0 0 0 0 0 49 0 0 0 24 23 12 0 0 0 5 43 0 28 7 0 12 0 13 0 26 0 49 9 39 0 0 4 0 0 37 0 30 0 0 0 13 0 0 42 0 0 0 34 0 22 0 13 0 0 0 0 0 44 0 0 43 0 0 0 0 0 0 23 0 0 20 29 30 0 0 23 0 0 46 0 0 44 9 0 0 27 24 2 3 0 41 24 0 32 11 15 0 35 0 48 0 28 0 0 19 0 8 0 0 5 27 0 49 0 14 45 13 0 0 0 25 0 43 0 21 0 0 0 39 49 0 0 29 
0 0 0 0 40 0 37 0 0 44 0 0 0 0 28 28 0 0 0 14 38 0 29 13 17 0 0 0 0 13 30 25 15 26 0 16 11 24 0 0 0 0 0 0 16 17 29 36 0 0 0 28 0 0 33 16 0 29 0 0 44 9 0 0 19 0 0 0 26 0 2 0 0 44 23 8 0 0 0 0 20 29 40 0 0 0 21 0 17 44 0 0 22 0 0 14 0 0 36 5 0 23 39 0 12 0 18 0 39 32 0 20 0 0 43 0 12 0 48 45 45 0 18 0 48 21 38 0 0 0 45 0 33 13 0 0 0 48 0 47 0 39 0 49 44 0 0 0 49 38 0 13 27 37 0 0 26 22 29 0 0 0 23 13 0 0 0 2 41 39 1 48 0 0 48 20 0 20 0 48 9 0 13 35 38 0 37 0 13 17 14 38 0 36 2 16 29 0 17 22 
7 6 30 0 26 1 7 0 0 1 0 0 0 4 0 0 30 0 31 21 0 48 38 0 0 1 31 46 37 0 0 26 22 0 41 0 17 24 0 36 17 0 0 5 0 0 20 0 0 6 6 25 5 16 41 0 0 20 0 0 40 0 0 0 4 22 0 3 27 0 0 0 0 0 0 5 29 0 40 30 36 0 32 0 46 10 0 0 0 0 22 0 0 0 0 48 47 49 10 0 39 0 0 0 0 0 0 0 47 33 35 41 46 24 11 4 0 0 34 17 23 0 0 19 0 0 0 6 0 0 0 0 0 13 0 20 48 0 0 17 0 27 0 0 0 0 0 0 0 48 0 0 0 0 7 0 15 19 38 28 9 28 0 10 0 44 0 0 0 20 32 0 47 0 0 0 0 0 0 0 39 19 8 0 0 14 41 0 0 0 0 0 0 0 2 0 22 24 0 0 
0 29 47 34 0 0 8 0 0 0 0 2 0 0 0 0 0 0 0 0 0 28 0 47 25 2 43 0 0 0 3 45 0 31 46 39 0 0 19 36 40 22 19 0 32 0 34 0 19 0 0 45 6 0 0 42 0 34 9 23 0 0 0 38 13 1 0 1 8 2 31 22 0 40 49 0 30 0 0 35 38 22 0 0 0 0 5 0 0 34 0 14 0 6 0 0 0 0 38 7 48 44 7 0 11 12 0 44 0 0 42 27 0 35 45 45 0 0 0 0 0 2 0 36 0 10 3 0 0 0 3 0 0 26 0 29 0 0 0 43 0 0 41 0 23 37 21 0 46 13 5 0 0 0 0 0 0 0 0 0 0 13 0 0 15 0 0 0 25 0 0 21 0 25 0 0 13 26 35 0 0 39 0 0 0 0 0 36 0 0 34 0 0 42 0 45 0 0 34 28 
20 28 0 0 37 0 0 49 1 22 36 0 0 0 0 0 4 0 44 0 0 0 0 0 0 41 10 0 0 0 35 44 45 0 0 8 0 25 11 0 19 0 17 1 16 0 0 16 24 0 0 40 5 0 3 0 0 2 0 25 0 2 25 0 21 0 0 0 0 0 0 0 37 0 0 0 0 0 20 48 5 0 4 7 48 0 0 25 10 0 28 36 8 0 0 0 15 0 0 0 43 3 0 0 28 0 0 46 35 44 0 45 30 0 22 0 0 0 33 0 0 0 9 0 0 0 0 0 0 13 0 19 19 17 0 30 47 17 43 0 41 0 49 0 0 0 0 0 0 0 0 21 0 0 0 46 3 0 33 35 0 18 0 26 11 37 22 0 6 7 0 0 0 0 0 20 0 38 0 26 0 0 46 0 0 26 0 0 0 38 23 0 7 28 0 18 0 0 32 0 
25 0 48 0 0 0 18 48 0 0 0 0 0 8 41 11 19 0 37 2 0 18 47 0 0 0 0 0 0 0 0 0 0 45 14 23 48 5 46 39 29 37 34 0 0 0 35 0 0 11 21 0 12 0 39 0 33 7 4 11 38 0 0 12 0 0 2 0 14 0 0 9 1 0 32 47 5 0 0 18 40 0 1 0 0 0 0 41 0 0 0 0 0 4 36 41 0 0 0 32 0 0 0 17 0 0 14 0 0 0 9 0 0 3 0 0 41 0 0 0 5 18 40 37 2 29 0 40 49 0 19 0 0 0 5 0 0 0 0 41 0 0 0 0 29 15 2 48 9 0 24 34 0 19 0 0 0 0 0 0 12 0 0 14 0 0 41 47 0 0 30 31 43 2 49 0 16 0 19 25 0 0 10 0 0 41 0 20 0 0 16 0 42 0 25 0 0 0 0 0 
29 0 0 0 19 43 0 0 0 0 47 44 38 12 0 0 32 0 0 0 0 38 0 0 0 0 38 42 43 0 38 0 0 0 0 0 0 0 47 0 0 0 0 0 0 7 37 0 0 0 0 0 39 0 42 23 15 22 0 18 0 1 0 14 5 39 0 0 0 0 0 0 17 39 29 0 26 3 0 12 0 43 0 15 0 0 48 0 9 0 0 0 0 0 4 0 0 0 6 0 27 14 30 0 0 0 48 24 7 0 34 9 37 49 19 28 2 0 45 47 8 32 0 0 14 26 0 3 0 0 0 0 0 0 0 0 39 27 0 0 0 0 0 0 28 0 0 28 17 0 30 35 43 22 0 0 35 44 45 25 16 41 0 31 0 0 0 0 12 5 0 32 3 44 30 0 0 0 10 0 0 39 45 42 12 25 46 47 0 0 0 0 0 18 0 0 0 34 12 0 
0 0 0 5 44 25 22 17 36 21 0 0 0 0 0 0 0 39 0 3 0 0 19 0 0 47 0 28 0 44 20 26 0 15 0 28 0 0 20 16 0 22 48 46 0 4 42 0 0 0 17 49 21 0 36 0 0 18 31 0 23 10 0 0 15 0 45 0 18 0 0 45 37 0 0 0 0 0 36 37 0 29 17 26 49 35 3 49 0 0 28 13 43 0 17 0 0 0 41 0 45 2 0 33 42 24 34 0 0 0 26 0 42 41 2 0 43 32 3 0 0 0 8 38 0 0 0 0 43 0 5 49 46 43 0 23 0 0 41 49 0 0 0 39 3 1 0 46 0 0 0 14 0 44 12 0 0 5 0 0 0 0 32 0 0 0 24 22 0 8 0 0 19 0 0 0 0 0 18 33 24 0 46 7 0 9 31 39 14 15 3 15 49 0 0 1 3 0 22 38 
33 21 0 0 38 0 21 0 34 0 48 0 48 27 49 0 0 0 0 39 35 0 1 46 0 44 23 7 0 29 0 7 0 0 3 0 4 0 34 0 0 9 0 0 0 4 0 28 48 0 49 0 13 0 0 42 36 0 0 0 0 5 46 30 0 0 0 0 15 0 0 0 28 39 0 41 0 0 30 0 31 0 46 0 23 18 42 46 14 0 0 0 2 26 20 0 49 0 0 0 37 0 19 49 15 46 0 0 0 47 15 0 0 0 8 30 9 37 0 24 0 13 49 0 8 0 0 18 33 4 9 0 0 0 0 0 49 0 0 0 0 0 39 0 41 0 6 11 0 0 0 3 14 0 0 37 0 0 0 12 0 26 2 0 0 0 24 41 0 0 0 0 13 0 0 5 19 0 16 0 5 0 24 18 0 10 6 15 45 0 26 0 30 0 0 0 35 20 0 28 
30 25 32 6 29 20 0 13 0 41 30 12 0 4 11 0 0 0 35 46 29 2 0 45 0 37 3 0 0 39 0 26 43 12 32 47 0 0 0 0 0 0 37 0 5 32 0 0 0 18 0 0 0 20 39 22 0 29 7 32 29 27 14 16 38 27 0 0 31 0 0 0 0 0 25 0 0 16 37 20 0 14 0 21 9 0 0 25 39 0 8 0 32 0 0 0 0 0 0 0 0 20 35 40 0 0 31 43 48 0 12 0 0 10 35 0 49 0 0 0 0 28 23 0 0 17 2 0 0 0 41 0 0 16 35 0 44 0 23 0 29 28 3 41 0 0 0 0 0 24 0 21 42 48 0 0 4 38 38 21 0 0 0 0 43 0 36 0 0 15 0 36 0 0 0 0 0 0 3 16 32 0 36 25 0 23 39 0 12 0 35 0 0 0 13 0 46 49 0 8 
4 23 0 0 0 0 0 0 0 35 3 34 0 41 12 0 0 0 4 0 0 0 33 0 0 0 2 44 0 17 49 0 11 13 3 27 0 18 21 37 48 9 23 30 0 0 29 0 29 0 8 0 28 29 0 0 25 28 0 5 0 3 27 0 23 46 35 17 0 0 0 0 12 0 0 2 47 39 49 0 0 13 12 35 49 0 0 0 42 15 35 0 0 0 2 0 0 11 0 18 0 0 0 24 10 0 4 0 39 0 30 0 25 38 8 0 0 19 0 0 22 0 0 37 26 0 0 7 0 10 40 1 26 39 6 46 0 0 37 0 15 0 1 0 0 0 0 27 43 0 0 0 0 27 0 0 42 35 0 0 0 13 0 0 0 0 25 9 17 0 25 29 18 0 29 19 29 44 46 0 7 0 18 0 0 0 44 41 0 0 0 13 0 0 0 0 33 0 49 1 
20 0 0 0 22 45 0 0 33 48 29 43 0 0 49 0 45 3 0 24 21 0 0 0 0 30 0 0 0 11 8 0 41 0 0 15 0 25 0 0 35 6 34 23 32 0 33 0 0 0 22 0 0 40 23 21 4 0 17 0 34 44 36 0 31 25 0 0 0 0 0 15 0 43 44 38 0 24 0 0 28 21 41 0 26 0 0 0 22 0 29 30 48 0 0 46 0 40 0 48 36 0 44 28 0 1 31 0 0 42 10 0 38 21 6 16 0 14 6 19 9 0 0 25 36 13 0 18 0 0 49 0 0 6 0 0 0 0 21 0 2 0 0 6 0 0 0 36 0 0 0 0 10 0 23 5 0 46 12 0 0 0 44 0 5 36 36 0 4 48 0 0 0 8 0 46 0 0 0 0 0 0 0 0 10 0 0 31 41 22 23 3 0 0 0 40 1 20 45 0 
0 0 28 4 11 0 0 1 0 26 0 0 25 0 38 3 0 0 0 30 46 0 24 0 0 4 27 46 0 35 0 42 47 32 0 43 22 0 0 27 15 31 27 0 48 48 11 23 33 18 0 12 3 12 0 0 0 8 0 0 42 0 33 0 0 0 0 0 0 18 0 0 0 0 0 25 25 38 0 0 0 0 0 0 17 29 7 21 0 17 0 0 26 0 14 37 0 0 43 0 0 0 33 0 34 0 32 33 28 39 22 0 27 0 36 0 0 21 0 9 30 13 0 0 14 49 45 0 0 15 0 0 0 24 0 0 0 0 0 0 48 28 46 11 0 27 36 0 19 0 0 0 0 0 0 27 6 9 7 0 0 0 0 0 28 0 0 0 0 0 23 19 0 0 0 0 30 0 0 0 18 22 0 0 0 5 0 0 14 24 22 0 0 25 16 0 0 0 2 0 
0 0 13 0 0 39 24 0 30 0 0 41 12 0 14 48 0 26 5 0 0 42 0 0 8 4 0 0 40 37 0 40 45 0 0 0 38 8 0 0 0 0 35 0 0 10 0 0 11 9 0 0 0 35 0 0 0 0 15 32 42 0 0 0 0 43 22 0 27 24 0 0 6 0 26 0 27 0 0 40 0 15 0 32 0 0 0 33 0 0 30 0 0 25 18 0 0 0 7 3 0 0 7 19 0 0 5 44 46 13 0 17 0 21 46 48 0 0 0 0 40 0 0 48 0 15 25 24 0 13 0 28 0 0 45 44 49 0 46 0 9 17 0 0 0 43 0 19 0 15 0 0 0 34 0 23 0 3 0 0 20 35 0 0 1 0 25 25 0 49 46 20 4 22 0 38 9 41 39 31 7 15 0 0 0 20 0 15 22 0 0 0 21 19 0 21 0 29 45 26 
9 31 0 7 0 0 38 0 24 0 29 0 0 27 0 0 0 25 0 29 0 0 30 0 27 0 0 0 48 27 33 0 0 4 17 25 0 0 23 42 24 0 2 0 0 40 47 22 0 13 0 21 2 0 0 24 0 0 0 0 0 24 0 0 10 0 0 22 0 9 0 5 19 0 0 44 24 49 0 11 20 0 0 0 0 0 0 38 0 0 0 17 21 40 47 0 39 15 0 0 0 0 47 21 37 48 0 39 17 0 0 19 35 0 49 29 26 0 6 0 33 0 0 0 0 45 0 36 0 0 0 0 24 20 0 9 38 48 13 0 0 0 0 0 24 0 0 0 15 0 29 42 45 0 0 0 0 24 25 12 6 0 0 28 34 29 47 7 43 20 0 0 0 0 0 0 0 0 0 0 0 0 0 0 14 38 0 0 13 35 49 0 17 0 0 0 7 0 8 49 
16 0 15 0 26 0 34 33 0 0 0 0 0 0 0 0 0 47 0 26 0 29 30 10 2 0 0 7 37 24 12 37 0 40 0 0 0 43 30 1 0 0 0 0 31 0 2 44 16 44 0 34 0 46 0 44 42 0 0 0 0 19 40 27 31 0 37 47 17 29 0 0 43 0 0 0 29 0 0 0 32 0 49 33 6 0 0 10 0 30 3 27 39 26 0 43 14 0 0 38 0 2 0 0 0 0 0 29 43 3 0 0 0 0 0 33 0 25 4 14 14 0 37 0 0 0 6 2 44 0 0 6 0 20 23 0 0 0 5 0 24 30 0 0 0 0 0 0 0 29 0 15 0 19 31 16 0 0 0 12 49 34 42 0 0 17 0 0 27 0 0 0 25 32 0 3 28 0 9 0 0 9 41 38 0 0 5 38 22 0 2 0 42 43 48 2 11 0 0 37 
41 0 0 40 16 0 0 4 0 43 14 37 12 17 0 0 29 0 0 32 2 0 0 10 0 19 49 0 0 0 46 31 36 16 39 0 16 0 20 38 12 0 43 31 0 0 5 0 26 0 8 41 24 18 0 0 43 0 0 0 36 0 0 3 26 0 8 25 0 11 0 11 0 0 29 9 0 10 6 38 0 0 25 0 0 20 0 13 0 0 0 8 12 0 41 38 48 34 32 0 17 15 0 0 0 38 32 0 40 0 27 47 13 0 0 29 41 0 0 0 12 0 0 0 0 0 5 0 0 27 24 6 20 25 48 0 13 0 0 21 34 35 14 3 21 0 0 0 0 42 15 0 0 0 0 43 0 26 45 0 4 5 49 41 0 0 30 44 0 35 0 0 0 35 2 0 0 1 0 0 0 0 0 8 0 25 0 46 0 46 0 5 2 20 45 0 0 0 10 0 
0 0 13 0 0 20 18 36 48 31 0 0 15 0 0 15 27 48 0 9 30 2 10 20 48 16 21 0 0 35 0 0 0 0 19 0 16 4 10 0 0 32 0 0 0 17 32 0 16 14 0 0 0 0 0 0 0 0 44 0 0 42 0 6 0 44 0 48 16 0 6 0 34 17 10 0 14 5 31 19 0 48 2 39 0 0 41 17 0 17 4 0 28 0 36 24 28 0 0 0 0 0 16 25 21 0 7 25 0 0 12 2 0 0 0 0 18 0 0 0 10 22 0 0 0 35 0 0 41 0 36 1 0 2 0 27 27 0 0 0 0 43 0 14 42 0 10 0 0 45 0 0 0 0 43 2 3 0 4 0 6 0 0 45 0 0 20 6 0 44 7 7 45 0 0 49 0 49 46 0 8 20 0 29 32 0 31 34 5 0 21 10 41 44 0 39 0 25 0 16 
0 0 0 21 38 34 13 0 30 0 0 11 44 42 0 0 24 17 0 36 20 31 17 20 0 27 27 0 0 16 0 22 0 40 5 44 0 0 49 8 0 0 0 0 5 7 0 35 0 0 0 0 0 33 47 24 26 22 43 4 0 0 0 0 2 37 0 0 0 25 8 17 12 0 0 0 0 0 0 44 0 0 4 25 36 0 0 0 7 4 0 0 13 17 37 0 0 0 37 0 41 0 49 0 0 36 5 0 44 0 0 28 0 13 3 0 38 6 0 6 0 2 2 9 0 19 0 0 23 0 0 26 43 48 0 24 37 0 0 0 19 22 44 0 48 27 0 0 34 0 19 0 0 0 0 2 0 0 0 3 14 0 0 0 31 10 30 0 0 0 40 20 0 0 5 0 5 0 0 10 36 16 34 0 0 0 0 0 19 0 10 0 49 12 42 31 21 23 47 0 
24 0 13 0 0 44 32 8 0 0 0 29 27 28 25 0 0 48 30 23 0 0 4 0 0 0 0 28 0 0 0 0 15 33 24 0 39 41 0 0 0 0 0 0 18 0 35 29 0 0 46 0 0 41 0 47 0 0 0 0 34 0 20 0 0 7 21 0 0 40 0 5 0 0 0 0 8 0 43 35 0 0 0 38 0 2 15 11 0 0 44 0 16 14 1 16 6 0 30 11 16 13 34 13 27 0 0 46 0 46 0 0 0 33 0 39 0 0 0 43 0 7 0 26 0 0 0 0 9 5 0 4 0 13 0 2 0 7 0 0 0 0 12 0 0 0 23 0 0 0 31 0 43 0 0 0 0 0 28 33 38 46 37 35 7 0 22 0 31 0 0 37 40 0 7 29 0 0 29 0 0 0 0 5 5 16 39 42 49 0 0 0 0 0 0 0 0 47 0 42 
19 26 0 27 9 5 18 0 36 21 0 47 0 0 43 39 0 0 0 0 0 4 21 0 12 0 0 0 32 3 0 25 43 0 31 31 0 1 0 26 22 0 0 0 23 0 0 0 0 0 31 10 7 0 0 0 13 1 0 30 7 23 39 0 4 0 0 0 0 0 0 0 0 39 35 0 42 16 0 0 0 1 0 0 0 0 0 0 0 0 0 0 31 38 30 27 7 0 46 0 0 48 1 18 0 0 34 0 0 33 0 0 0 35 48 0 0 0 0 41 0 0 49 33 0 0 0 0 36 0 0 0 27 0 0 3 0 0 0 46 0 0 0 37 0 0 5 27 23 0 16 43 2 2 0 0 2 49 0 0 0 0 21 34 25 49 16 7 0 22 11 0 38 49 0 0 0 31 24 29 45 49 49 3 47 0 0 48 43 0 41 0 8 13 0 32 0 0 38 21 
46 0 11 0 23 0 10 0 23 21 0 0 43 23 0 0 31 0 0 31 0 11 47 24 0 0 8 0 20 0 20 0 0 37 33 0 0 36 0 26 17 28 14 33 39 0 0 0 0 17 39 0 28 0 0 0 1 0 0 25 32 0 0 0 0 0 0 1 41 0 0 34 42 0 0 0 0 41 10 0 0 0 0 0 0 32 0 34 0 10 40 17 31 42 14 37 1 14 0 0 40 0 19 12 23 0 0 0 0 15 10 0 0 14 0 0 4 0 36 9 0 0 5 26 0 35 23 0 0 0 0 0 0 37 0 0 26 15 0 3 0 35 0 0 4 42 0 6 0 0 0 0 3 0 0 2 0 0 0 36 0 48 0 7 0 0 0 46 0 30 46 0 0 40 0 0 0 0 0 40 0 32 0 0 0 40 0 0 0 0 0 0 22 0 0 0 0 0 0 43 
47 23 0 0 0 0 0 0 41 0 0 0 33 0 27 45 0 0 18 0 38 0 37 0 0 0 0 0 45 17 21 0 0 43 3 0 0 0 0 45 3 0 1 0 31 0 20 0 21 22 0 40 36 0 15 0 3 29 0 0 0 21 30 27 0 9 0 0 0 24 28 36 8 43 0 0 46 0 39 14 0 0 13 0 0 0 0 7 46 0 46 0 0 39 0 25 0 0 0 12 0 43 48 0 0 40 28 0 22 0 16 11 0 0 0 0 0 0 3 14 0 0 0 0 0 0 24 8 0 0 0 0 33 48 7 41 22 19 0 0 0 44 5 0 38 35 46 9 3 24 0 26 0 0 0 49 0 0 0 29 0 0 0 0 16 3 35 35 0 0 0 0 0 11 0 0 0 0 0 0 0 0 0 31 31 0 0 14 0 22 43 14 0 0 3 0 0 0 0 0 
0 0 0 0 0 0 0 0 0 39 0 0 8 27 0 29 0 19 0 47 44 23 0 0 11 47 14 48 0 0 9 10 0 0 0 0 0 0 0 48 28 10 35 12 47 48 48 35 0 31 26 0 0 28 0 0 45 0 0 0 4 41 0 0 47 0 0 0 34 24 0 8 0 0 1 45 17 0 0 0 15 39 10 21 0 45 0 0 28 0 0 1 0 29 17 23 28 0 5 0 0 0 23 0 0 16 0 26 0 18 0 0 5 0 23 37 0 30 0 0 0 0 0 6 49 29 0 48 0 0 2 0 0 0 0 24 29 38 0 33 0 45 0 0 38 0 12 7 0 25 0 45 4 0 28 0 0 0 0 0 29 32 1 39 0 0 0 39 0 44 0 15 19 2 0 17 0 0 0 36 5 0 0 19 0 0 0 18 41 40 0 0 23 0 7 25 44 0 0 13 
22 41 0 0 0 0 9 7 44 43 37 25 0 0 40 0 0 17 0 0 10 0 0 7 9 0 0 0 0 0 30 39 28 14 0 14 42 7 5 29 27 0 0 38 0 0 0 0 21 28 21 0 0 0 31 0 15 1 33 25 0 0 0 0 44 0 34 0 39 1 0 0 0 0 0 0 0 10 0 42 0 47 30 0 0 47 7 16 8 11 25 0 37 0 47 8 0 23 0 22 29 1 0 6 9 36 0 0 31 0 41 0 0 0 0 28 0 21 0 0 0 0 6 0 0 13 19 18 0 8 4 0 0 19 31 0 0 28 0 35 0 25 0 12 21 0 0 0 0 12 12 0 0 3 33 0 36 29 0 0 0 0 0 0 0 0 0 1 38 14 0 0 0 38 12 17 15 46 34 7 0 0 0 0 24 33 0 0 0 0 32 21 0 0 0 0 37 9 22 26 
0 43 0 0 0 12 0 35 0 0 0 0 0 0 0 0 0 0 0 0 48 37 34 17 0 0 0 33 0 0 0 0 44 49 16 0 24 0 0 44 0 0 0 39 0 0 35 0 48 22 0 13 0 5 30 0 46 0 19 0 13 7 0 36 0 0 41 0 45 44 24 0 47 0 0 25 0 0 33 0 44 0 0 0 0 5 0 0 22 0 39 0 34 28 0 0 0 0 0 0 0 0 0 0 0 4 0 37 1 0 6 43 0 0 10 23 44 38 22 8 19 5 48 0 0 0 0 0 0 0 0 36 9 0 45 32 0 9 0 0 12 16 0 0 0 0 0 0 20 6 49 4 6 14 38 0 0 0 29 0 0 0 10 19 14 0 0 31 14 27 16 0 0 47 47 22 0 31 4 0 0 1 20 7 0 0 15 5 0 23 26 0 48 36 0 0 0 47 44 0 
0 0 42 0 28 0 46 4 40 31 0 0 19 5 0 46 0 41 23 48 0 0 0 19 32 0 0 0 33 0 0 36 0 9 26 5 40 0 29 0 0 18 18 3 44 0 0 25 0 16 0 0 0 37 0 0 0 14 6 0 0 20 16 47 0 44 38 47 0 0 13 48 32 45 4 0 20 0 0 39 6 26 0 0 0 0 49 0 40 0 0 28 28 0 0 11 26 26 0 40 0 0 0 2 26 0 0 0 2 26 0 0 0 33 37 47 0 0 16 37 37 0 6 32 17 18 14 0 0 16 6 0 0 1 0 11 0 28 13 18 0 41 0 26 0 13 0 0 35 0 34 5 0 0 46 0 48 0 32 0 0 0 26 11 0 0 0 0 9 27 0 0 15 37 17 0 0 0 18 9 0 39 0 0 34 30 0 0 0 0 49 0 5 0 0 27 0 0 47 22 
0 14 21 37 27 13 0 26 0 23 0 26 26 24 43 23 0 38 0 14 0 0 28 0 45 0 30 38 28 29 0 14 39 0 0 17 0 39 3 17 0 0 0 0 41 8 0 24 18 21 20 3 19 0 0 2 5 0 0 48 28 0 0 0 0 35 15 40 15 0 0 0 13 24 0 15 4 4 0 0 47 0 44 9 0 6 30 0 21 35 5 0 0 48 0 26 49 3 0 0 0 19 29 29 0 33 22 0 0 0 20 0 0 0 0 3 17 0 11 0 47 48 13 10 0 13 18 0 0 45 0 0 41 0 4 15 23 0 0 0 0 0 32 2 0 0 44 0 0 0 42 49 0 0 37 21 0 0 1 0 10 26 0 31 0 0 45 33 0 0 27 0 0 35 0 0 0 0 0 0 15 25 41 20 0 27 24 47 0 2 0 27 48 34 10 45 0 0 29 25 
0 0 34 0 0 0 23 0 26 35 10 0 42 0 26 35 0 0 38 33 40 4 33 0 0 0 0 31 9 0 21 0 24 0 0 0 0 0 0 36 29 0 0 7 0 0 0 0 0 0 0 0 17 34 0 0 32 0 4 8 23 0 0 0 24 26 0 0 11 0 0 15 24 0 0 17 0 41 1 0 0 5 0 0 49 0 18 0 10 0 24 0 0 0 7 0 0 14 0 0 0 0 29 37 0 0 7 0 43 29 12 0 0 0 16 0 6 0 0 0 38 36 0 0 6 28 35 44 8 0 0 9 42 0 0 0 13 10 0 26 14 31 0 0 0 0 0 0 0 28 0 41 45 0 35 34 7 0 39 0 19 11 31 0 0 0 31 39 42 0 28 11 0 3 0 0 0 1 19 0 0 0 0 0 0 0 32 0 0 41 0 0 46 20 42 0 27 0 23 0 
29 0 0 0 0 30 0 29 37 0 39 0 32 0 0 38 10 17 0 38 4 0 21 0 0 46 0 48 0 28 0 0 0 0 0 49 0 0 33 22 13 0 39 9 0 0 0 7 25 0 0 2 37 30 0 39 37 0 0 0 27 48 0 33 19 11 23 32 24 25 0 32 21 0 0 41 2 0 0 0 0 0 0 28 0 31 0 0 0 30 39 0 49 0 0 0 0 0 33 30 27 37 0 0 30 0 0 41 0 8 0 0 0 0 0 0 17 20 7 0 0 4 44 0 0 23 17 0 0 0 29 0 0 31 0 35 0 0 15 11 0 0 0 0 43 0 5 28 1 34 0 0 0 31 7 25 0 16 0 0 14 0 0 0 0 0 3 31 0 5 0 0 0 0 0 0 22 16 0 26 0 0 0 0 45 49 1 0 47 0 3 31 0 27 6 19 0 8 49 0 
42 25 0 19 0 3 0 0 0 9 1 20 0 33 3 45 0 0 0 11 4 1 38 42 34 44 47 0 0 0 19 46 0 0 0 0 0 0 16 0 0 46 28 46 34 0 0 0 39 20 0 36 0 0 0 4 12 9 0 0 14 5 0 0 0 32 6 10 0 0 0 7 33 11 0 0 0 0 0 0 13 0 12 0 0 11 40 40 0 4 0 21 18 2 0 49 0 0 22 8 8 13 33 41 0 26 0 1 0 13 23 0 4 0 0 7 0 0 0 0 0 29 0 0 0 0 24 0 0 0 3 32 0 0 0 0 0 44 0 37 0 0 0 0 0 0 36 0 0 29 17 0 0 10 0 49 0 3 0 0 0 0 0 0 0 0 0 39 39 0 0 0 0 0 0 0 0 38 0 0 47 0 37 48 0 35 20 0 0 0 11 0 0 0 30 37 0 0 28 0 
0 0 39 12 0 0 0 0 0 0 0 0 11 0 28 8 0 0 0 8 0 0 14 29 0 0 33 16 0 41 28 0 0 16 0 32 0 37 31 0 12 1 41 13 0 0 28 27 25 0 39 0 0 8 0 0 0 0 22 0 46 0 0 25 41 0 0 10 9 16 14 0 0 0 0 40 22 4 0 21 13 0 45 0 28 0 11 0 24 9 42 0 0 26 15 22 0 35 0 20 37 0 0 0 0 0 32 0 45 0 6 0 29 0 49 21 28 0 0 11 24 14 0 7 0 0 40 38 0 0 36 0 0 0 37 48 0 0 0 22 41 0 24 24 36 25 36 0 25 47 0 30 20 30 22 16 0 35 0 0 0 0 45 31 3 0 0 0 9 42 26 0 0 49 0 0 0 0 4 43 0 3 25 5 0 0 22 43 24 0 31 0 0 0 18 0 0 0 7 0 
0 10 0 43 11 32 0 34 0 0 40 0 0 9 5 0 0 0 0 0 41 0 49 0 0 0 0 0 28 41 46 44 28 18 7 17 36 0 0 13 1 17 0 0 6 0 5 42 44 23 4 0 0 37 41 0 35 20 0 0 0 9 0 26 0 27 49 0 0 39 0 0 47 0 20 48 0 0 3 0 45 20 43 0 0 0 34 3 12 0 43 0 0 42 0 30 4 1 21 35 28 12 0 18 0 10 0 0 0 0 0 23 43 0 0 43 28 0 6 13 33 0 0 16 5 0 6 0 0 0 0 44 9 0 31 0 2 0 0 0 47 0 22 41 0 9 0 0 25 7 0 44 6 0 0 7 46 35 39 1 31 0 33 39 31 39 0 0 0 0 0 12 0 14 0 0 0 0 0 0 0 0 22 47 38 44 41 0 0 0 36 0 0 5 24 0 4 0 0 48 
1 0 0 33 29 3 2 16 21 9 0 0 0 0 0 0 3 22 9 0 0 48 28 19 19 0 0 0 5 0 0 24 27 6 0 17 0 0 0 33 41 26 0 2 38 0 19 11 36 25 32 12 9 0 0 11 0 29 8 0 0 29 27 20 32 6 6 12 0 0 37 9 38 36 48 0 0 48 0 0 48 3 43 9 45 0 0 8 5 32 0 0 0 0 0 49 0 0 0 0 0 0 0 26 5 0 32 0 0 45 9 7 49 26 0 0 0 21 11 3 27 17 10 4 10 14 0 48 19 5 0 7 6 3 0 28 41 0 25 6 0 12 0 0 0 17 4 0 0 43 27 0 0 0 31 0 0 0 0 38 14 9 0 42 0 39 9 0 0 17 11 0 1 24 28 0 0 0 9 36 0 0 0 0 22 1 14 35 0 0 22 0 0 26 22 11 0 0 0 29 
35 20 0 0 40 0 0 0 0 45 36 25 0 0 0 0 36 49 1 0 0 0 3 27 26 0 27 6 0 48 30 0 0 0 7 0 0 0 49 15 3 22 0 0 34 0 13 0 43 36 24 0 0 0 38 14 0 44 31 0 35 17 42 0 5 0 0 10 0 0 0 37 0 0 0 0 4 0 0 0 0 34 28 0 0 19 15 0 3 0 40 18 5 31 0 0 0 42 0 0 36 5 33 0 46 0 0 0 0 0 47 0 0 45 45 0 0 0 40 1 0 0 0 0 15 42 42 9 0 0 38 0 49 6 47 0 39 20 0 7 0 5 8 0 15 0 48 0 49 20 0 35 44 0 0 22 30 0 44 14 27 27 0 0 5 0 42 0 17 0 0 0 40 24 39 0 0 9 17 41 0 0 0 6 0 0 0 0 33 44 15 6 0 0 32 15 0 13 21 5 
0 37 0 0 0 8 0 0 5 3 0 20 18 31 0 48 38 6 0 8 0 0 0 0 0 0 28 39 0 32 0 0 0 0 0 24 21 0 0 0 0 8 0 26 0 9 31 0 20 0 0 21 2 33 0 33 27 21 38 17 47 10 39 36 0 17 0 0 29 14 37 48 35 11 29 0 45 1 0 0 0 22 46 24 0 4 32 27 21 0 22 30 0 0 0 9 18 0 33 13 0 0 11 0 21 35 0 0 0 34 26 0 0 0 16 0 0 4 0 28 0 0 21 0 4 0 42 23 4 7 44 14 0 0 0 0 1 32 0 0 30 0 0 0 0 25 0 23 46 0 0 0 7 40 0 11 46 0 0 0 16 0 27 28 0 0 26 0 11 0 0 0 44 19 33 0 0 0 0 18 0 40 14 11 17 19 28 0 0 0 0 0 24 0 0 13 40 30 17 0 
25 33 18 22 0 19 0 15 0 46 0 0 36 0 47 7 0 0 0 37 26 0 0 29 0 0 5 10 33 0 13 29 0 2 16 0 0 0 0 23 21 14 0 29 0 0 5 15 21 0 4 2 21 12 0 0 39 0 11 0 42 0 0 31 7 0 0 0 0 44 32 18 38 15 0 22 27 31 0 6 39 0 0 0 11 0 39 48 0 0 23 30 0 0 40 0 0 0 19 0 40 24 37 0 24 18 0 0 0 35 17 0 0 29 0 25 0 12 35 41 32 0 49 40 0 0 0 39 0 0 0 0 0 23 33 19 48 0 21 0 31 32 0 0 36 29 0 19 20 0 0 0 7 20 37 0 0 0 15 0 0 0 0 11 0 0 0 12 0 0 0 0 3 21 45 46 39 29 13 48 0 11 0 0 2 30 9 18 48 0 37 0 0 40 45 20 0 0 0 36 
15 0 7 0 11 17 41 0 0 0 0 0 0 40 0 0 0 0 0 44 42 0 4 0 13 0 0 0 44 35 0 0 48 48 0 0 3 0 47 35 0 23 0 3 11 0 1 26 0 0 42 0 0 3 0 0 21 0 0 32 0 17 0 28 0 0 0 20 0 21 5 33 0 0 0 0 29 0 0 18 0 0 0 0 43 16 0 44 11 44 38 0 0 0 0 11 0 0 0 39 14 18 0 0 20 0 0 32 44 0 32 43 0 0 15 45 42 0 36 0 0 0 32 44 0 0 0 11 33 45 23 2 0 0 8 0 0 47 0 0 43 3 19 13 0 18 0 0 4 0 25 0 45 0 40 38 0 0 19 0 0 15 0 0 0 0 0 0 1 40 44 3 0 42 1 39 44 21 35 0 11 0 2 10 42 0 0 39 0 3 0 35 2 38 0 0 34 10 0 6 
0 0 0 0 0 0 26 0 41 23 27 45 0 0 0 0 21 0 0 10 0 0 10 38 0 36 0 18 47 0 0 0 0 35 47 4 2 20 2 49 48 30 0 0 9 12 0 0 0 28 18 21 0 0 30 28 0 0 0 27 21 0 0 22 28 40 0 41 0 0 0 45 24 0 32 35 37 0 9 31 0 2 0 49 0 39 0 0 0 0 0 0 0 27 0 1 13 33 0 39 14 19 0 0 0 0 0 0 33 37 0 0 0 26 0 0 25 36 0 0 24 0 29 0 40 4 0 0 0 0 48 14 0 5 20 8 0 0 25 0 2 44 0 0 0 0 8 0 22 0 32 35 0 0 0 49 40 11 2 38 47 37 35 3 0 0 49 14 24 24 19 21 42 0 0 33 0 45 0 42 0 0 0 18 0 24 32 12 34 25 0 0 16 40 14 0 0 15 4 0 
0 5 0 0 0 0 44 1 22 0 0 4 0 0 0 0 2 0 0 27 13 38 26 0 0 0 27 16 0 0 0 35 0 0 18 0 0 23 46 39 5 0 0 0 42 30 0 42 20 44 0 0 0 38 0 29 26 0 13 11 23 0 0 13 49 34 10 38 34 0 35 0 17 5 5 15 25 9 13 0 0 0 40 0 0 0 33 46 0 0 0 41 31 21 0 0 47 25 18 38 0 0 7 0 0 0 0 0 0 33 0 20 34 0 0 6 0 1 0 16 25 0 0 49 0 0 0 0 0 22 21 0 0 8 1 0 48 0 0 0 49 30 0 0 0 29 0 0 0 0 0 2 0 5 7 0 0 0 0 12 47 17 0 0 0 0 0 0 28 39 33 45 1 0 0 43 0 0 0 0 16 0 35 0 0 0 0 45 0 0 3 0 0 14 0 19 0 8 34 0 
44 0 38 28 0 0 0 0 27 26 0 31 38 43 1 0 0 0 1 0 22 0 0 0 47 0 18 0 0 25 0 10 42 0 39 20 0 0 43 0 0 21 23 0 0 0 0 12 0 17 34 0 0 0 0 0 7 0 0 15 14 0 0 43 0 0 0 0 41 0 0 38 0 14 0 0 0 38 42 38 0 41 0 0 0 0 0 0 1 36 45 13 48 0 0 24 0 48 0 0 0 38 0 0 29 46 22 0 0 0 0 10 0 0 49 7 0 1 7 0 0 0 6 0 0 35 33 0 13 0 15 0 5 0 0 0 20 0 0 20 0 0 0 5 0 19 46 0 38 0 3 0 49 0 29 0 0 0 17 17 22 0 0 0 0 0 0 0 0 0 0 46 39 33 43 0 0 0 0 40 0 3 0 0 0 0 41 0 0 0 0 25 3 0 0 43 43 24 7 0 
0 0 6 35 0 0 0 9 0 0 29 30 0 0 24 3 12 0 36 36 0 0 43 46 0 11 36 13 12 43 0 19 0 47 1 0 21 0 0 0 47 38 1 1 18 6 0 39 0 12 26 10 1 6 0 0 2 17 37 31 11 0 16 32 2 0 0 9 0 0 27 0 35 39 41 0 0 38 0 34 0 0 25 36 1 0 0 16 12 0 36 0 41 0 0 14 46 44 24 0 6 12 0 0 24 0 1 40 24 34 32 28 42 0 29 0 26 0 0 43 45 0 40 41 0 7 0 0 40 18 40 15 2 44 25 5 0 0 13 0 16 0 0 19 0 29 0 30 9 0 28 0 0 5 0 0 0 0 0 15 0 0 0 0 22 0 0 0 0 0 0 39 44 0 0 0 0 38 0 0 0 0 0 0 0 44 0 27 0 0 0 44 25 0 0 0 8 0 0 33 
28 0 0 41 0 0 0 30 6 36 0 47 16 45 43 4 46 6 39 0 33 0 5 0 0 0 29 0 0 0 0 0 0 0 0 17 0 48 11 41 0 0 46 0 26 0 0 45 0 0 0 0 0 0 0 49 29 3 30 0 0 0 15 0 0 0 40 29 1 45 34 0 25 0 0 0 0 0 0 0 49 4 33 8 0 27 42 23 0 0 0 23 0 0 0 0 0 16 8 38 0 41 0 21 0 0 0 49 0 0 0 0 0 0 40 0 0 14 22 0 0 3 30 0 0 0 46 0 0 28 0 0 0 13 5 27 20 0 26 38 0 0 0 0 0 44 0 0 41 0 0 1 49 0 0 31 0 0 0 46 31 0 0 1 16 38 0 0 0 9 0 29 21 45 0 0 38 0 13 0 0 0 0 0 0 3 0 17 0 43 32 6 0 0 49 14 0 0 30 0 
0 0 18 0 0 0 28 0 28 3 0 0 14 7 0 39 44 27 0 19 0 0 39 0 0 0 44 0 0 0 0 0 41 43 0 14 0 4 8 0 0 3 49 0 0 0 32 34 19 0 33 19 3 37 26 43 0 1 47 0 0 49 0 0 0 0 3 0 32 24 0 0 0 0 39 24 0 0 0 10 27 0 0 0 20 0 27 40 0 4 0 0 0 0 41 0 0 0 21 0 21 0 0 3 0 19 0 0 0 38 16 0 0 3 0 0 3 21 0 23 15 42 0 0 0 0 0 10 0 0 20 0 17 0 24 0 0 0 35 0 19 10 18 16 3 46 0 0 39 0 9 0 46 0 29 24 0 0 0 34 4 18 0 19 0 0 4 0 9 17 0 13 35 0 0 0 0 13 0 41 0 16 0 0 24 35 46 8 0 0 13 0 0 0 0 35 7 0 0 49 
0 0 19 0 32 0 0 14 0 0 0 0 18 0 0 0 16 0 41 0 45 0 0 10 29 0 0 41 0 31 0 0 0 0 0 0 0 0 40 3 7 0 0 38 31 0 18 19 0 0 0 0 40 0 25 23 29 0 3 0 5 0 0 24 0 0 0 2 0 2 0 0 0 38 0 0 0 14 0 0 15 33 0 0 20 38 0 0 0 49 17 8 43 0 0 0 41 0 30 10 0 31 0 0 0 0 0 0 0 0 0 45 0 35 0 0 0 30 0 0 0 2 0 0 16 0 0 38 36 31 0 42 37 0 21 49 48 0 0 26 25 0 33 0 16 0 0 0 31 0 0 0 0 10 0 29 40 0 36 7 0 9 0 0 26 0 43 0 36 41 18 48 0 42 0 40 0 0 41 0 0 1 0 37 1 0 0 0 0 44 0 0 11 0 0 34 0 0 0 0 
37 0 46 0 0 26 0 0 29 49 0 0 15 23 0 0 0 31 35 0 16 10 0 0 0 0 32 23 0 0 0 3 48 0 46 41 0 0 0 0 0 0 48 5 0 0 23 0 0 0 43 0 0 22 2 24 0 39 0 0 0 0 48 22 40 0 11 3 22 0 26 0 44 0 0 47 48 33 0 40 0 0 19 18 0 13 46 0 37 31 13 39 0 0 29 0 23 30 22 46 0 0 48 0 34 0 8 0 0 0 31 0 0 10 0 2 0 0 28 0 18 0 48 7 35 0 49 0 0 0 0 0 0 0 0 0 9 39 0 0 0 0 24 5 32 7 0 18 7 0 0 0 8 36 0 45 0 0 5 0 0 0 15 0 0 47 0 0 0 0 0 0 11 0 16 0 0 0 0 0 0 0 0 0 2 0 21 36 4 0 32 0 0 0 4 0 0 0 47 0 
33 0 0 31 0 34 13 35 0 0 0 46 0 0 20 0 48 0 47 0 0 0 20 6 5 47 12 41 39 35 0 0 26 34 11 1 0 0 37 0 22 0 0 36 0 0 34 29 34 30 0 0 7 0 8 0 0 25 0 16 47 0 36 0 0 0 40 40 0 0 42 29 0 0 47 0 5 0 32 11 10 37 24 0 0 0 36 1 0 33 0 0 0 38 8 0 0 4 32 46 0 0 24 0 0 45 0 0 13 0 24 0 28 24 0 0 0 0 0 0 28 0 0 0 0 48 35 12 0 0 0 0 0 45 47 14 0 19 39 0 0 39 0 0 0 0 0 22 15 0 9 0 20 16 0 49 32 0 0 0 1 39 25 0 0 0 3 0 0 0 40 11 0 0 0 3 0 0 16 1 0 0 0 0 24 0 0 42 0 0 0 0 30 0 39 0 0 40 0 0 
0 43 0 0 0 0 0 17 0 0 45 0 0 0 0 6 44 26 0 24 47 0 43 0 0 0 27 27 30 13 5 40 4 0 21 0 0 1 11 40 0 0 0 0 0 34 22 34 9 29 39 0 0 9 0 13 24 0 0 12 40 0 32 0 28 0 0 0 10 0 0 46 0 0 0 33 16 0 18 0 0 0 16 21 0 0 19 12 24 0 0 16 0 49 0 45 0 42 0 0 0 45 0 0 31 22 41 35 8 47 0 43 0 13 14 0 0 0 0 23 48 33 43 23 0 0 33 44 43 0 1 0 0 40 0 45 13 8 0 46 10 45 46 24 36 18 0 0 0 0 41 0 0 34 0 49 0 0 0 0 20 0 41 0 0 37 25 22 0 0 14 0 2 0 35 0 0 0 0 0 0 0 0 0 0 25 0 0 0 42 0 0 26 0 0 0 0 43 35 33 
38 0 0 48 0 0 0 15 28 31 35 0 0 0 13 22 0 30 31 39 45 11 47 25 0 0 5 47 12 19 16 0 23 45 16 25 0 0 0 0 32 28 0 0 33 0 6 0 35 0 24 0 0 0 0 15 0 29 0 0 0 1 0 0 0 47 0 0 37 0 0 0 0 0 21 32 0 0 20 0 34 44 0 0 0 41 0 29 21 0 17 0 0 0 0 28 2 35 0 3 0 0 0 0 0 0 14 11 0 47 42 41 9 46 0 29 0 25 0 15 27 27 15 1 37 0 30 33 7 36 0 7 0 0 12 13 35 0 0 0 0 42 7 18 25 0 0 0 0 0 38 8 29 0 5 3 0 31 19 0 7 0 20 0 0 48 5 47 0 6 11 0 10 18 0 0 0 0 0 37 0 0 0 0 0 0 0 32 0 21 13 0 0 0 0 0 34 38 0 0 
29 0 0 0 0 19 25 0 0 41 0 9 42 0 0 36 23 0 0 31 0 20 0 25 0 0 0 18 34 0 24 0 0 0 0 0 0 0 37 45 30 0 0 0 1 32 0 0 31 34 43 0 45 14 6 0 0 0 48 19 0 43 0 0 32 40 46 0 0 28 49 45 6 0 14 25 0 0 0 6 4 0 27 21 12 40 30 0 0 0 0 34 0 0 44 17 0 32 21 0 33 0 0 9 0 32 38 29 9 0 0 32 46 37 0 8 0 3 19 0 0 0 38 0 0 18 27 45 0 0 5 7 0 0 0 0 38 0 0 0 0 12 0 0 0 0 10 0 0 14 0 0 32 0 5 47 0 31 0 24 0 34 0 0 45 0 0 38 22 0 17 2 42 0 0 0 0 0 24 1 2 24 0 0 0 14 36 14 0 29 6 0 7 18 22 0 43 17 0 28 
0 0 38 31 0 42 34 0 21 0 12 0 7 29 26 0 0 0 17 0 0 47 46 0 0 35 13 6 44 0 41 0 0 36 44 0 0 0 0 12 34 0 0 23 0 0 8 0 22 37 0 0 13 49 7 0 21 23 46 23 0 5 4 0 0 35 0 0 0 3 18 0 47 0 0 28 0 0 0 0 7 0 0 0 31 10 33 22 0 46 0 32 21 15 0 0 45 24 0 0 36 0 0 3 0 0 0 0 3 44 0 0 27 0 22 45 0 18 0 17 24 39 19 48 23 11 0 48 0 13 28 0 0 0 19 0 0 14 0 26 41 25 9 10 23 0 0 5 20 38 0 25 0 0 16 0 40 0 0 33 0 30 27 0 49 35 0 44 1 0 19 30 0 24 0 0 44 3 35 0 0 0 25 0 14 0 11 28 0 0 0 0 6 15 9 9 34 11 0 23 
8 6 0 0 18 0 14 0 0 0 0 0 0 0 0 12 18 44 0 18 15 0 0 34 0 8 0 22 0 0 44 0 18 25 0 0 0 31 47 18 5 0 21 0 7 20 0 44 1 0 7 0 9 22 33 49 0 30 6 2 0 0 0 44 0 39 0 26 42 0 0 0 12 0 0 0 2 0 0 0 0 0 43 0 0 0 33 30 12 4 31 45 0 0 46 6 0 33 42 0 0 46 0 0 3 7 47 23 0 31 0 0 17 32 0 0 25 5 0 8 10 3 15 0 17 0 0 0 0 0 0 0 0 0 0 0 37 41 0 0 0 46 31 6 39 44 0 0 0 0 5 0 31 0 39 0 0 0 0 0 15 0 24 32 1 20 22 41 14 0 28 9 0 32 0 41 0 0 46 0 21 0 0 0 36 11 0 0 0 36 0 31 0 3 0 0 0 6 38 26 
0 22 0 15 42 27 0 0 22 13 6 6 36 10 49 0 5 19 47 14 22 0 34 48 0 39 0 0 5 0 43 24 24 10 0 22 0 24 40 0 47 38 24 0 0 0 31 0 23 3 33 0 24 0 10 15 0 0 8 0 7 0 1 19 0 0 0 43 0 10 7 0 0 42 39 0 0 0 0 0 0 0 9 46 0 0 45 44 30 0 0 0 6 0 9 5 40 45 0 24 0 15 42 21 0 32 2 0 0 0 0 11 0 2 30 0 44 19 6 0 29 0 43 0 0 0 1 0 4 15 0 0 0 0 6 25 0 0 36 0 20 47 39 15 0 41 31 0 15 0 38 46 34 0 42 48 0 14 18 0 5 0 47 0 0 0 43 0 35 0 0 18 39 12 45 0 27 17 8 0 36 42 0 32 14 28 0 0 0 0 0 27 16 0 5 9 6 0 0 0 
22 0 8 0 36 0 0 31 0 0 0 14 39 0 0 0 8 0 0 0 28 0 0 28 1 16 36 1 40 0 0 20 0 0 47 20 41 0 25 8 36 0 20 0 0 19 27 6 42 0 9 29 48 47 0 40 24 0 0 0 0 25 0 30 37 0 0 42 10 0 45 0 6 7 0 6 20 37 0 0 0 4 25 0 0 0 0 28 6 0 0 0 0 0 0 37 39 0 41 0 20 0 0 41 3 0 30 23 0 0 20 0 0 14 8 0 0 0 0 31 0 48 0 18 10 49 13 0 0 0 0 7 29 0 25 0 13 0 0 0 0 0 14 45 12 0 41 14 22 13 22 0 5 19 49 43 0 0 41 0 0 0 0 0 47 0 24 0 0 33 0 48 0 34 0 0 0 0 0 0 4 0 0 0 0 0 0 0 0 14 0 5 24 20 27 11 37 14 37 0 
0 5 0 23 0 0 0 27 0 0 37 45 24 3 0 40 0 0 0 17 10 0 0 32 0 0 0 0 25 0 4 0 0 0 44 0 2 0 0 17 33 0 7 2 0 0 0 0 0 0 32 46 0 0 0 30 0 0 0 3 0 15 0 40 0 29 0 0 28 22 22 0 9 0 7 0 0 0 4 0 0 0 0 0 5 0 0 8 0 27 0 45 20 18 0 29 0 31 46 29 33 1 0 0 0 23 0 49 0 48 0 3 22 28 0 27 1 0 0 0 35 10 36 0 0 0 18 0 45 0 28 0 0 5 8 43 17 0 0 38 0 0 15 0 0 0 22 24 0 35 0 46 0 0 0 0 0 22 40 0 23 0 2 41 0 0 0 0 0 44 0 0 3 25 0 0 0 43 0 44 0 0 42 21 29 0 36 0 14 0 10 40 0 25 0 11 0 0 11 15 
0 14 0 48 0 0 0 0 17 0 43 31 32 27 0 0 0 0 15 0 31 42 0 6 0 0 42 10 19 1 24 0 3 0 34 35 0 0 44 0 25 0 0 0 0 0 0 0 0 0 5 13 0 6 0 48 36 29 0 20 14 0 16 7 37 42 0 0 0 10 8 5 0 0 0 0 7 11 0 0 15 36 0 0 0 0 3 0 0 0 0 0 42 16 8 12 2 19 0 0 0 16 0 26 40 0 0 0 14 17 33 0 0 28 0 0 0 40 0 40 44 0 48 29 0 16 19 15 0 22 21 17 39 0 0 0 14 0 34 23 16 0 3 26 35 0 23 22 0 49 2 0 21 10 0 41 0 43 0 32 26 49 0 0 3 11 31 36 22 15 0 37 0 0 3 0 0 32 13 0 32 0 0 13 6 0 0 0 0 10 0 7 37 30 15 41 0 21 47 8 
30 0 15 25 0 0 0 17 0 49 35 22 0 39 0 24 0 27 0 0 0 0 16 0 0 10 0 0 0 3 20 0 0 27 0 0 17 0 49 3 0 3 0 0 0 0 13 8 41 32 43 41 0 3 2 0 21 0 0 6 26 0 13 17 26 3 0 19 0 21 21 0 0 37 0 0 0 0 34 0 0 34 46 0 0 20 0 45 27 10 32 0 0 32 24 0 0 0 0 0 0 0 0 46 0 47 25 0 0 0 25 5 0 10 17 0 41 0 40 0 0 0 0 0 12 0 47 0 48 20 0 0 37 9 22 21 38 0 0 0 0 0 15 0 0 13 3 0 0 0 0 5 10 0 0 0 0 14 0 21 0 0 27 0 31 0 0 0 0 6 0 0 35 0 0 25 44 6 0 0 0 0 0 0 0 0 31 27 5 40 7 0 0 0 33 49 0 0 0 46 
38 0 0 0 0 49 16 30 24 0 0 48 43 0 25 37 9 2 15 16 0 26 0 0 0 17 5 0 0 47 0 49 14 47 22 3 0 30 0 0 9 41 24 0 0 0 0 3 0 0 42 42 0 38 47 14 41 38 0 0 9 34 29 38 31 24 0 13 0 8 34 0 0 28 0 0 0 49 0 10 0 0 0 0 24 34 5 0 0 7 0 24 47 22 0 39 13 9 0 0 0 26 0 28 0 39 0 16 0 0 40 0 26 12 0 25 27 18 38 0 0 32 41 0 33 0 31 25 0 0 34 0 0 5 20 0 0 0 0 7 42 0 49 30 0 0 0 0 21 17 42 2 41 49 0 8 22 0 23 0 48 5 48 46 0 0 0 0 0 0 24 0 2 16 0 3 25 0 0 11 0 30 26 0 7 6 0 16 24 0 37 0 0 0 0 0 0 0 0 0 
36 27 30 36 0 6 42 0 0 29 0 8 10 0 30 0 0 24 0 0 0 0 49 0 0 0 0 0 0 0 0 0 41 0 2 0 0 20 0 0 10 0 9 9 37 0 0 0 0 3 24 0 34 30 0 49 0 45 0 0 41 0 32 30 0 28 0 0 0 0 0 0 28 0 40 18 10 0 32 23 0 28 0 0 0 0 33 2 10 46 39 7 0 0 0 0 2 21 0 31 33 0 0 7 22 0 0 15 0 36 0 11 0 0 9 42 0 7 0 0 42 18 0 0 17 0 36 28 0 18 1 0 32 0 0 0 36 0 42 28 0 18 0 0 0 0 0 25 19 0 43 20 44 12 0 13 0 0 0 0 36 0 34 20 27 0 0 5 26 0 0 40 38 40 14 0 0 0 0 0 0 0 0 0 18 15 3 0 20 25 30 0 0 0 26 25 0 0 0 0 
0 0 1 33 6 31 43 0 0 0 0 0 46 0 0 0 0 0 41 0 0 0 0 0 19 0 43 15 0 32 40 44 0 0 0 0 0 1 35 0 12 0 25 0 0 10 0 0 0 0 19 8 0 36 0 21 0 0 0 0 0 26 0 8 1 0 9 0 0 0 0 11 27 6 29 0 42 0 34 10 0 38 0 0 35 0 17 0 0 5 7 27 0 8 31 33 0 4 4 18 23 0 40 0 0 45 0 0 0 0 0 0 0 44 0 36 46 0 8 0 0 39 0 17 0 30 0 2 7 8 0 0 31 0 36 0 2 2 0 0 25 0 0 0 13 0 0 16 0 0 48 45 0 42 0 0 0 3 7 0 0 0 10 42 6 30 18 24 22 32 0 45 0 14 0 0 0 49 0 0 4 39 0 0 22 9 0 5 27 0 15 33 0 26 0 0 0 0 36 27 
19 45 0 5 0 30 40 10 12 0 11 1 26 0 3 27 18 0 42 0 32 4 0 11 13 0 0 46 0 0 0 16 26 0 0 3 0 11 0 41 22 33 14 0 0 0 0 0 0 28 15 0 31 19 0 0 0 29 18 0 36 34 0 0 49 34 0 0 20 0 7 0 12 0 0 0 0 0 14 0 9 0 39 31 0 0 18 2 0 36 0 0 0 0 10 0 0 4 0 0 0 14 0 0 0 0 7 9 0 32 0 0 0 0 47 0 43 0 0 20 10 35 0 30 0 36 0 43 0 25 0 0 0 35 0 39 16 0 45 18 0 0 1 0 0 0 40 0 21 0 2 0 39 31 0 32 0 0 25 0 0 27 45 0 19 37 0 0 11 15 13 20 0 0 19 43 0 14 35 34 0 0 0 0 0 9 0 9 11 11 41 49 0 25 0 0 0 0 47 7 
29 3 19 0 29 0 38 0 36 0 0 0 25 0 0 3 0 0 31 0 0 0 39 0 28 0 18 0 0 0 0 0 47 19 11 0 0 0 14 15 33 30 0 6 0 0 1 16 3 22 0 0 0 0 48 5 0 0 3 0 0 0 0 13 16 0 37 0 0 3 34 36 12 0 0 0 0 28 0 0 0 35 48 36 0 0 24 42 0 0 0 28 7 17 0 0 0 0 44 38 40 0 30 47 30 28 0 16 35 48 26 0 0 0 0 48 0 0 44 19 46 46 0 0 0 2 0 0 9 49 3 0 0 21 0 49 29 22 0 0 0 0 3 35 46 33 1 0 0 7 11 0 0 21 0 0 0 0 44 37 0 0 0 27 0 0 0 4 0 0 40 0 34 0 0 43 8 0 7 0 0 0 0 34 43 34 0 6 37 0 0 0 0 0 0 0 0 0 0 0 
44 3 39 44 0 0 0 16 0 0 33 30 0 47 0 0 0 0 0 0 0 25 13 0 20 0 0 0 10 24 19 0 0 0 40 43 0 0 17 0 0 0 0 0 45 0 0 46 0 0 0 14 0 44 23 0 19 0 42 5 45 0 0 0 42 0 0 30 26 0 0 26 35 22 35 0 0 0 44 30 1 0 0 0 0 9 28 27 0 0 0 31 0 0 0 0 0 0 30 37 11 47 0 0 0 0 15 22 0 0 0 14 47 2 0 8 25 0 0 0 9 5 0 0 19 10 20 40 0 0 0 0 11 18 24 0 0 24 0 0 0 34 0 20 49 0 20 0 29 0 0 0 25 23 47 0 0 0 0 9 47 0 0 0 8 0 0 0 0 13 30 0 10 15 8 24 0 0 0 0 0 40 43 38 17 11 6 0 14 0 21 0 0 0 0 0 0 0 0 38 
12 7 26 0 29 0 0 0 0 38 0 8 0 29 7 0 0 19 0 0 0 26 41 37 21 11 3 17 44 0 33 0 0 0 0 19 1 0 0 0 0 1 0 0 45 0 8 3 0 0 0 0 0 7 0 0 0 0 10 0 0 42 0 47 0 12 0 0 21 23 33 31 11 0 30 17 42 0 17 14 5 25 0 0 4 0 0 0 0 0 8 0 17 5 8 0 0 4 0 0 3 25 43 0 0 0 0 0 0 22 30 13 22 0 0 11 0 0 1 0 0 49 0 0 0 31 4 0 0 19 0 0 20 29 43 0 17 0 34 32 0 12 22 0 0 49 45 2 45 8 0 10 0 47 0 38 0 0 0 22 44 47 29 23 49 28 7 0 0 21 17 0 0 4 34 7 0 30 0 0 47 0 35 0 0 0 38 0 37 11 47 0 0 0 36 47 0 0 0 2 
29 0 0 0 9 0 0 34 9 0 8 0 0 21 38 0 17 0 0 15 26 6 0 0 47 0 47 28 0 0 29 48 0 24 13 11 0 29 29 47 0 7 39 0 7 0 19 0 38 0 33 0 0 26 35 15 9 0 10 0 0 44 19 0 0 17 0 0 3 0 23 44 49 0 0 0 0 0 0 0 0 38 0 0 0 0 29 1 0 33 40 0 27 9 0 38 21 0 27 0 0 0 38 0 34 0 32 0 0 0 34 35 0 7 0 0 0 49 6 0 0 14 44 0 16 0 0 16 27 0 44 34 31 0 0 29 22 0 28 0 0 0 38 28 8 1 0 0 26 49 37 0 16 0 42 21 43 0 13 26 0 22 25 0 0 0 0 48 29 5 0 36 6 0 0 0 33 0 49 0 0 0 33 0 28 23 26 0 0 15 8 46 0 0 27 7 0 38 2 0 
